              instance      n    k       time        ttb  cons_bal   cons_cmp     bal       cmp   repl   feas          seed
   del-n1000-k10-s8165   1000   10  1800.0004   510.8151    3.1933   710.3117  0.0000  402.9598   9281   6403     443551453
   del-n1000-k10-s8165   1000   10  1800.0004   427.9286    4.1894  1283.5811  0.0000  402.9598   9411   6513    3901548546
   del-n1000-k10-s8165   1000   10  1800.0004   307.7545    2.1517   978.6159  0.0000  402.4459   9374   6464    3257906557
   del-n1000-k10-s8165   1000   10  1800.0003   250.0971    7.4128   867.9156  0.0000  404.8761   9236   6369     382954837
   del-n1000-k10-s8165   1000   10  1800.0008    21.3268    3.7667   828.3126  0.0000  402.9598   9290   6406     565086087
   del-n1000-k10-s8165   1000   10  1800.0005  1141.5980    6.5506   966.0764  0.0000  403.4401   9341   6430    3345667743
   del-n1000-k10-s8165   1000   10  1800.0005   815.6980    6.3467   874.9707  0.0000  402.9598   9461   6550    4024066318
   del-n1000-k10-s8165   1000   10  1800.0004   257.2637    6.6580   893.2679  0.0000  404.8761   9327   6426    4070892125
   del-n1000-k10-s8165   1000   10  1800.0005  1768.7118    8.5609   828.3126  0.0000  404.8761   9430   6549     837977151
   del-n1000-k10-s8165   1000   10  1800.0006   257.0083    5.7314   978.6159  0.0000  402.4459   9450   6542    2657091600
  del-n1000-k16-s51680   1000   16  1800.0006   708.9824   11.3062   738.1868  0.0000  322.1451   8896   6452    3989551396
  del-n1000-k16-s51680   1000   16  1800.0005  1674.7187   13.6683   616.1077  0.0000  327.2581   8953   6448     414875649
  del-n1000-k16-s51680   1000   16  1800.0005  1534.2578   11.3830  1231.1852  0.0000  314.5984   8854   6361    1695221318
  del-n1000-k16-s51680   1000   16  1800.0005  1102.6736    7.8596  1013.9561  0.0000  318.6412   8934   6516     838960032
  del-n1000-k16-s51680   1000   16  1800.0004  1031.4523   14.7578   756.6461  0.0000  321.2040   8938   6519    1001689046
  del-n1000-k16-s51680   1000   16  1800.0004   105.6603    9.1138   912.2305  0.0000  322.0963   8899   6456     279614663
  del-n1000-k16-s51680   1000   16  1800.0006  1641.4151   13.2260   793.3932  0.0000  327.9869   8891   6455    3404334167
  del-n1000-k16-s51680   1000   16  1800.0005   127.8656   12.5001   912.2305  0.0000  327.7021   8940   6482    4294945773
  del-n1000-k16-s51680   1000   16  1800.0006   851.0959   13.1045   867.3696  0.0000  328.3110   8831   6400     929213799
  del-n1000-k16-s51680   1000   16  1800.0004   539.5514   10.8091   646.0807  0.0000  318.6412   8791   6454    2313885580
   del-n1000-k5-s33335   1000    5  1800.0005    21.6778    1.6691  1015.1200  0.0000  610.6529  20733  20531    2049355961
   del-n1000-k5-s33335   1000    5  1800.0005    18.2613    2.3954  1137.7355  0.0000  610.6529  20739  20522     623719724
   del-n1000-k5-s33335   1000    5  1800.0005     7.8134    2.2499  1015.1200  0.0000  610.6529  20888  20705    3177229369
   del-n1000-k5-s33335   1000    5  1800.0004    32.9387    1.2682   862.0210  0.0000  610.6529  20911  20694     253452308
   del-n1000-k5-s33335   1000    5  1800.0005    13.6747    2.3565   918.7423  0.0000  610.6529  20889  20702     725233125
   del-n1000-k5-s33335   1000    5  1800.0006     1.6184    2.7008   826.2040  0.0000  610.6529  20903  20712    1729824968
   del-n1000-k5-s33335   1000    5  1800.0004     8.1577    1.7150  1017.8765  0.0000  610.6529  20866  20648    2305191243
   del-n1000-k5-s33335   1000    5  1800.0006     0.2383    2.8265   928.3402  0.0000  610.6529  20978  20789     618116026
   del-n1000-k5-s33335   1000    5  1800.0006     1.7377    2.0075   911.0144  0.0000  610.6529  20705  20514    1477374674
   del-n1000-k5-s33335   1000    5  1800.0006     5.0051    2.1804   907.6888  0.0000  610.6529  20766  20549     520439676
del-n10000-k100-s46796  10000  100  1800.0020  1487.5685   55.2038   498.4081  0.0000  193.2135   1392    581    1597972934
del-n10000-k100-s46796  10000  100  1800.0022   810.8059   55.7615   623.6030  0.0000  179.6236   1391    586    3020912061
del-n10000-k100-s46796  10000  100  1800.0023  1606.6428   65.4690   664.8424  0.0000  154.3360   1361    542    2546265417
del-n10000-k100-s46796  10000  100  1800.0024   963.8755   61.7985   633.8964  0.0000  160.9659   1372    546    1561222702
del-n10000-k100-s46796  10000  100  1800.0023   652.1633   74.4040   924.1494  0.0000  158.2523   1374    565    1829040444
del-n10000-k100-s46796  10000  100  1800.0022   366.4327   55.6825   551.2213  0.0000  158.0785   1372    573    1915587538
del-n10000-k100-s46796  10000  100  1800.0022  1178.5462   70.9252   384.9109  0.0000  166.9759   1391    592    3592628785
del-n10000-k100-s46796  10000  100  1800.0024  1774.7642   59.6859   679.4902  0.0000  161.2058   1356    558    2779905531
del-n10000-k100-s46796  10000  100  1800.0003  1642.7515   74.9210   383.6817  0.0000  157.3627   1362    586    1131734414
del-n10000-k100-s46796  10000  100  1800.0026   692.3661   66.2155   489.2995  0.0000  158.1274   1365    565    1034314542
del-n10000-k160-s41175  10000  160  1800.0025   996.6911   98.1801   527.6609  0.0000  262.4003   1077      8     912332208
del-n10000-k160-s41175  10000  160  1800.0032   902.0552  120.4903   653.2195  0.0000  277.1571   1072      7    1149520697
del-n10000-k160-s41175  10000  160  1800.0050    90.7958  116.3176   518.3008  0.0000  210.4753   1080      7    1325672707
del-n10000-k160-s41175  10000  160  1800.0023  1746.6389  101.8728   533.1630  0.0000  199.7735   1069     13    1973865334
del-n10000-k160-s41175  10000  160  1800.0025   913.8669   97.2061   521.6661  0.0000  333.2134   1075      2    2078109996
del-n10000-k160-s41175  10000  160  1800.0033  1009.8182  113.7170   624.3011  0.0000  315.2599   1080     11    1263627026
del-n10000-k160-s41175  10000  160  1800.0024   888.1217  117.0722   587.3949  0.0000  380.2525   1083      8    4182492650
del-n10000-k160-s41175  10000  160  1800.0024   340.5401  101.0812   633.6893  0.0000  255.5109   1057      9     477156573
del-n10000-k160-s41175  10000  160  1800.0028   198.5123  101.0192   339.2310  0.0000  225.2533   1071      8     701746621
del-n10000-k160-s41175  10000  160  1800.0035   451.3754  105.6000   564.4943  0.0000  180.9230   1079      7     340747197
  del-n10000-k50-s4699  10000   50  1800.0016  1095.2593   33.2725   482.9700  0.0000  212.2010   1790   1647    2503306494
  del-n10000-k50-s4699  10000   50  1800.0014  1743.3689   28.0215   663.2621  0.0000  196.6505   1805   1691    3569384790
  del-n10000-k50-s4699  10000   50  1800.0020   752.7013   31.8860   905.2634  0.0000  209.9524   1775   1649    1859405587
  del-n10000-k50-s4699  10000   50  1800.0022    73.7750   22.8723   482.4578  0.0000  194.3652   1827   1710    4117287468
  del-n10000-k50-s4699  10000   50  1800.0020  1006.5652   27.5969   549.6649  0.0000  207.1399   1786   1667    1283459420
  del-n10000-k50-s4699  10000   50  1800.0017   871.0170   21.7509   738.6925  0.0000  208.6027   1771   1642     250950966
  del-n10000-k50-s4699  10000   50  1800.0015   410.3883   28.7611   976.2984  0.0000  209.9826   1800   1683    3788232669
  del-n10000-k50-s4699  10000   50  1800.0023  1446.5945   35.8678   976.2984  0.0000  194.1856   1786   1664     187117967
  del-n10000-k50-s4699  10000   50  1800.0016  1231.6638   24.1817   550.1775  0.0000  202.7159   1813   1702    2108935408
  del-n10000-k50-s4699  10000   50  1800.0018  1433.8207   29.4763   721.9126  0.0000  204.1321   1868   1761    2155370204
  del-n2500-k12-s12455   2500   12  1800.0008   645.1710    9.4896  1004.9756  0.0000  381.7280  10042  10029     148566045
  del-n2500-k12-s12455   2500   12  1800.0006   561.5001    7.6025   742.1695  0.0000  378.3852  10014   9998    2249227095
  del-n2500-k12-s12455   2500   12  1800.0006   518.7832    8.9988   815.6842  0.0000  378.3852  10046  10030    1543041327
  del-n2500-k12-s12455   2500   12  1800.0008  1143.0432    8.7152   788.3531  0.0000  378.9436  10091  10073    1842212620
  del-n2500-k12-s12455   2500   12  1800.0003  1118.4272    7.8870   966.5520  0.0000  378.9436  10329  10313    2258145152
  del-n2500-k12-s12455   2500   12  1800.0006  1427.1138    6.7073   966.5520  0.0000  378.7296  10157  10140     583498924
  del-n2500-k12-s12455   2500   12  1800.0007  1031.3498    6.1332   672.6704  0.0000  382.9160  10109  10096     327382327
  del-n2500-k12-s12455   2500   12  1800.0006  1318.8501    9.2211   618.3822  0.0000  383.2843  10293  10273    2723211324
  del-n2500-k12-s12455   2500   12  1800.0006   253.1312    6.1028   759.0803  0.0000  378.9436  10218  10198    3756550862
  del-n2500-k12-s12455   2500   12  1800.0007  1740.8847    6.9971   814.1034  0.0000  378.3852  10050  10037    3561101828
  del-n2500-k25-s15827   2500   25  1800.0006  1622.2702   15.9654   983.9365  0.0000  267.0595   9473   8819    2814686522
  del-n2500-k25-s15827   2500   25  1800.0008  1353.3822   15.5686   979.6695  0.0000  264.8321   9451   8813    2555596872
  del-n2500-k25-s15827   2500   25  1800.0007  1582.2921   12.0262   821.8388  0.0000  264.7635   9427   8754     401306100
  del-n2500-k25-s15827   2500   25  1800.0006   235.6143   19.1874   983.9365  0.0000  260.3309   9404   8734     480718483
  del-n2500-k25-s15827   2500   25  1800.0009  1597.9366   15.6753   560.9219  0.0000  270.2214   9581   8949    3140272424
  del-n2500-k25-s15827   2500   25  1800.0007   901.6729   14.1578   857.7692  0.0000  263.0719   9380   8677    4154330797
  del-n2500-k25-s15827   2500   25  1800.0009   403.5176   16.1626   867.3667  0.0000  261.7302   9587   8915    1017621679
  del-n2500-k25-s15827   2500   25  1800.0010  1184.6032   15.2540   915.4123  0.0000  261.1964   9674   8994    2031821687
  del-n2500-k25-s15827   2500   25  1800.0007  1145.7503   15.9982   870.0317  0.0000  266.2193   9552   8865    4168794146
  del-n2500-k25-s15827   2500   25  1800.0007    77.3986   18.3628   723.3130  0.0000  262.5107   9586   8920    1692500837
  del-n2500-k40-s32424   2500   40  1800.0007   677.5117   28.8906   974.4934  0.0000  221.9225   4597   1828    3305354332
  del-n2500-k40-s32424   2500   40  1800.0008  1300.2180   31.6706   921.8589  0.0000  218.7912   4622   1859    2695293098
  del-n2500-k40-s32424   2500   40  1800.0008   647.4541   26.7088   957.7083  0.0000  210.6494   4558   1811    1665504203
  del-n2500-k40-s32424   2500   40  1800.0007    85.1727   38.1024   750.4325  0.0000  213.7308   4624   1807    1656668446
  del-n2500-k40-s32424   2500   40  1800.0007  1766.6149   30.3603   780.9942  0.0000  221.1108   4575   1828       1098517
  del-n2500-k40-s32424   2500   40  1800.0008  1138.8397   26.9614   795.0127  0.0000  213.7697   4632   1922     712545052
  del-n2500-k40-s32424   2500   40  1800.0008  1520.7537   30.2160   683.5223  0.0000  222.7159   4586   1889    3922620618
  del-n2500-k40-s32424   2500   40  1800.0008  1442.5291   28.2335   685.8224  0.0000  206.3969   4658   1914    2836356859
  del-n2500-k40-s32424   2500   40  1800.0008  1465.4885   27.6367   977.3874  0.0000  212.8609   4600   1854    1584361733
  del-n2500-k40-s32424   2500   40  1800.0007  1375.2322   22.2523   822.0168  0.0000  219.3804   4620   1869    4133092079
  del-n5000-k25-s33654   5000   25  1800.0011  1019.1553   18.2955   736.0949  0.0000  271.2878   4131   4095    3070007943
  del-n5000-k25-s33654   5000   25  1800.0003   506.1466   15.3326   679.8961  0.0000  264.3952   4114   4071    3274017901
  del-n5000-k25-s33654   5000   25  1800.0002   810.6001   15.2231   665.1219  0.0000  268.2926   4298   4252    3303083189
  del-n5000-k25-s33654   5000   25  1800.0011   149.8337   16.9250   637.5248  0.0000  266.3590   4168   4119    3813049329
  del-n5000-k25-s33654   5000   25  1800.0008   571.6694   21.0849   662.4128  0.0000  265.4864   4118   4067    2257659102
  del-n5000-k25-s33654   5000   25  1800.0009   196.9922   18.2563   548.2747  0.0000  266.2718   4313   4266    4118094336
  del-n5000-k25-s33654   5000   25  1800.0010   247.6620   16.0353   664.6229  0.0000  262.1194   4180   4139    3426016790
  del-n5000-k25-s33654   5000   25  1800.0010  1093.2039   13.8615   987.9041  0.0000  266.8678   4194   4149    2082907861
  del-n5000-k25-s33654   5000   25  1800.0002  1149.2353   16.3680  1015.1588  0.0000  268.2633   4055   4004     671368142
  del-n5000-k25-s33654   5000   25  1800.0009   124.1613   16.6192   704.4835  0.0000  266.8195   4132   4080     213769613
  del-n5000-k50-s49035   5000   50  1800.0013    91.1941   40.7724   533.7288  0.0000  199.3127   3078   2445     709321649
  del-n5000-k50-s49035   5000   50  1800.0012  1659.1848   32.4304   505.1218  0.0000  199.6816   3117   2423    3255880973
  del-n5000-k50-s49035   5000   50  1800.0009   623.2681   39.9477   912.9023  0.0000  198.4316   3154   2481    1166365933
  del-n5000-k50-s49035   5000   50  1800.0012   784.8384   30.9808   535.0003  0.0000  194.3212   3216   2547     912964585
  del-n5000-k50-s49035   5000   50  1800.0009  1093.0845   35.6977   588.4667  0.0000  201.5823   3160   2542    3864740436
  del-n5000-k50-s49035   5000   50  1800.0013   317.7265   31.3262   569.5082  0.0000  190.6075   3152   2472     750481880
  del-n5000-k50-s49035   5000   50  1800.0013   439.4381   31.4569   576.0667  0.0000  188.7865   3090   2427    2072696805
  del-n5000-k50-s49035   5000   50  1800.0032  1204.2442   32.2476   607.0967  0.0000  194.5915   3131   2483     536577050
  del-n5000-k50-s49035   5000   50  1800.0009   109.3836   31.9272   474.0752  0.0000  196.9677   3136   2469    2306691408
  del-n5000-k50-s49035   5000   50  1800.0011  1357.7030   37.8195   600.4043  0.0000  194.9802   3111   2466    2422755621
  del-n5000-k80-s37325   5000   80  1800.0013   356.7176   62.4063   667.4910  0.0000  184.5321   2377    201    2825964190
  del-n5000-k80-s37325   5000   80  1800.0011  1547.9324   60.3580   949.0246  0.0000  175.6840   2393    175    1289927190
  del-n5000-k80-s37325   5000   80  1800.0012  1389.2472   55.3370   921.5755  0.0000  193.2718   2382    192    3996042449
  del-n5000-k80-s37325   5000   80  1800.0013  1234.4417   63.1224   942.4690  0.0000  180.1522   2383    212    1871569783
  del-n5000-k80-s37325   5000   80  1800.0013   848.6368   66.7059   616.5244  0.0000  181.9661   2365    179    1110400401
  del-n5000-k80-s37325   5000   80  1800.0020   770.5682   58.9348   715.7853  0.0000  167.3895   2376    176    1879261817
  del-n5000-k80-s37325   5000   80  1800.0014   112.0936   58.3071   973.4703  0.0000  179.6580   2379    198    2718312277
  del-n5000-k80-s37325   5000   80  1800.0012   259.9550   55.0723  1000.5052  0.0000  173.9491   2382    178     413264397
  del-n5000-k80-s37325   5000   80  1800.0012   698.3802   48.6609   994.8764  0.0000  173.0918   2362    177     874537628
  del-n5000-k80-s37325   5000   80  1800.0011   247.7166   51.1449   973.4703  0.0000  192.2915   2357    194  2610806945\n
  del-n1000-k10-s20090   1000   10  1800.0006   981.6243    9.3073   755.5439  0.0000  405.7915  15674  14562     670176917
  del-n1000-k10-s20090   1000   10  1800.0005  1165.7852    7.9920   710.1922  0.0000  406.2798  15589  14494    3279497451
  del-n1000-k10-s20090   1000   10  1800.0005   770.4693    7.3574   942.8489  0.0000  405.7915  15718  14616    2624122411
  del-n1000-k10-s20090   1000   10  1800.0006  1201.1745    8.1316  1011.8975  0.0000  406.2798  15603  14519     558380850
  del-n1000-k10-s20090   1000   10  1800.0005  1016.2695    8.9520   834.0203  0.0000  406.2798  15569  14439    4205624326
  del-n1000-k10-s20090   1000   10  1800.0004   690.4178    8.1276   931.8384  0.0000  405.7915  15661  14471    2244383149
  del-n1000-k10-s20090   1000   10  1800.0005  1501.2777    5.2093   970.4767  0.0000  406.2798  15696  14552    2927553207
  del-n1000-k10-s20090   1000   10  1800.0005   136.4992   10.4774   740.3644  0.0000  406.2798  15768  14631    1205999349
  del-n1000-k10-s20090   1000   10  1800.0003   588.2520    6.5442   892.7862  0.0000  407.9155  15376  14225     864274783
  del-n1000-k10-s20090   1000   10  1800.0005   401.3592    9.3428  1031.7186  0.0000  405.7915  15943  14839    2515148554
  del-n1000-k10-s21163   1000   10  1800.0004    97.2842    7.6522   991.3824  0.0000  402.4478  19305  18578    2535683410
  del-n1000-k10-s21163   1000   10  1800.0006   758.8618    4.9198   946.2688  0.0000  402.4478  19420  18750     608870814
  del-n1000-k10-s21163   1000   10  1800.0005   113.9850    8.1703   713.3367  0.0000  402.4478  19642  18915     830542643
  del-n1000-k10-s21163   1000   10  1800.0006  1012.4306    6.8560  1053.7725  0.0000  402.3510  19191  18475    3458401077
  del-n1000-k10-s21163   1000   10  1800.0006    67.5699    6.5180   713.3367  0.0000  402.4478  19340  18647     554587991
  del-n1000-k10-s21163   1000   10  1800.0006   719.9183    6.8843   797.7006  0.0000  402.3510  19501  18815    1708631371
  del-n1000-k10-s21163   1000   10  1800.0006    50.8007    6.9950   950.0687  0.0000  402.4478  19437  18711    3410288351
  del-n1000-k10-s21163   1000   10  1800.0006   216.2448    4.2669   761.2793  0.0000  402.4478  19730  18998    1646881196
  del-n1000-k10-s21163   1000   10  1800.0007    21.5986    5.2640  1018.8799  0.0000  402.4478  19545  18863     469413207
  del-n1000-k10-s21163   1000   10  1800.0005   319.0093    4.9603   914.4939  0.0000  402.4478  19050  18303    3814843074
   del-n1000-k10-s8083   1000   10  1800.0007     8.0533    7.3240   718.2386  0.0000  404.8553  24200  23579    2311952780
   del-n1000-k10-s8083   1000   10  1800.0006   192.5891    7.8246   875.6022  0.0000  404.8553  23941  23278    3926325264
   del-n1000-k10-s8083   1000   10  1800.0004    52.3193    5.5187  1112.9619  0.0000  404.8553  23915  23261    1113624138
   del-n1000-k10-s8083   1000   10  1800.0006   319.7050    7.9467   916.1974  0.0000  404.8553  23806  23159    3251486554
   del-n1000-k10-s8083   1000   10  1800.0006     2.9630    5.5855   964.9009  0.0000  404.8553  23478  22837    2453352242
   del-n1000-k10-s8083   1000   10  1800.0006     1.6055    8.9371   798.0882  0.0000  404.8553  23846  23217     574698744
   del-n1000-k10-s8083   1000   10  1800.0007   326.8272    7.5124   816.1016  0.0000  404.8553  23937  23320    3776832460
   del-n1000-k10-s8083   1000   10  1800.0006    13.8751    8.2117   811.0282  0.0000  404.8553  23851  23174     789352716
   del-n1000-k10-s8083   1000   10  1800.0006     1.0865    5.7865   811.4093  0.0000  404.8553  23939  23319     286219985
   del-n1000-k10-s8083   1000   10  1800.0006     1.8381    5.4155  1164.1408  0.0000  404.8553  24163  23498    1757833052
   del-n1000-k16-s3985   1000   16  1800.0004   198.7827   14.7410   935.5065  0.0000  327.3220   7747   4215    2083619873
   del-n1000-k16-s3985   1000   16  1800.0004   520.3241    7.9150   903.7823  0.0000  327.9444   7794   4312    3983429537
   del-n1000-k16-s3985   1000   16  1800.0002  1375.4770   13.4482   781.2471  0.0000  322.1359   7734   4247    2833268774
   del-n1000-k16-s3985   1000   16  1800.0003   831.7153   10.7260   951.5266  0.0000  327.5403   7750   4198    1635800897
   del-n1000-k16-s3985   1000   16  1800.0004   999.0505   14.0524   906.8099  0.0000  322.9580   7772   4216      61616375
   del-n1000-k16-s3985   1000   16  1800.0004  1348.6687   11.6010   894.7970  0.0000  327.5403   7744   4207    2887474128
   del-n1000-k16-s3985   1000   16  1800.0048  1720.2859   16.5805   906.8099  0.0000  320.7306   7681   4139     340143585
   del-n1000-k16-s3985   1000   16  1800.0006   439.4990   13.6707   789.6679  0.0000  322.4511   7713   4189    2254190625
   del-n1000-k16-s3985   1000   16  1800.0005  1113.6245   13.6032   796.5724  0.0000  328.5257   7712   4179    4058645742
   del-n1000-k16-s3985   1000   16  1800.0005   988.7235   12.3295   771.1451  0.0000  333.3451   7723   4162    2888912523
  del-n1000-k16-s61071   1000   16  1800.0004  1533.9868   10.7988   978.0632  0.0000  338.1084   7352   3499    3952269668
  del-n1000-k16-s61071   1000   16  1800.0003  1537.3450    6.4714   844.2852  0.0000  338.1296   7347   3552    2871544201
  del-n1000-k16-s61071   1000   16  1800.0005   646.2737   12.8463   934.3859  0.0000  338.7305   7275   3410    1667611200
  del-n1000-k16-s61071   1000   16  1800.0002  1154.8836   13.9926   991.8245  0.0000  341.0434   7396   3532     157935658
  del-n1000-k16-s61071   1000   16  1800.0004  1373.8973   11.8259   853.1587  0.0000  336.4132   7316   3451    2335953641
  del-n1000-k16-s61071   1000   16  1800.0005  1404.2353   11.5543   979.5704  0.0000  338.5619   7419   3510    4217366180
  del-n1000-k16-s61071   1000   16  1800.0004  1352.4805   11.5466   917.4476  0.0000  338.7305   7393   3481    2802857849
  del-n1000-k16-s61071   1000   16  1800.0004  1045.1733    9.1564   814.0686  0.0000  336.2488   7325   3501    2778277274
  del-n1000-k16-s61071   1000   16  1800.0005    52.4901   11.9048   676.0474  0.0000  341.0930   7356   3499    1043001187
  del-n1000-k16-s61071   1000   16  1800.0003  1708.9420   16.3079   670.0367  0.0000  336.0785   7368   3511     554553876
    del-n1000-k16-s801   1000   16  1800.0004    32.0908    8.8484   808.2814  0.0000  342.4049   6944   3147    2616709371
    del-n1000-k16-s801   1000   16  1800.0005  1185.0415   11.4032   770.0685  0.0000  350.1849   6883   3117    2377051645
    del-n1000-k16-s801   1000   16  1800.0004  1710.2448   15.6659   776.1265  0.0000  339.8336   6852   3013    1294355155
    del-n1000-k16-s801   1000   16  1800.0004  1321.6702    9.1846   776.1265  0.0000  346.6043   6974   3247    2680417270
    del-n1000-k16-s801   1000   16  1800.0005  1668.3695   12.0280   687.1403  0.0000  339.4580   7007   3199    1158678115
    del-n1000-k16-s801   1000   16  1800.0005  1446.6603    9.8355   781.4374  0.0000  339.5959   6909   3188      26653833
    del-n1000-k16-s801   1000   16  1800.0004  1130.8878   14.5051   908.5437  0.0000  345.0231   6967   3183    2174824959
    del-n1000-k16-s801   1000   16  1800.0006   418.0322   10.6973  1029.2863  0.0000  341.4613   6955   3130    2917588607
    del-n1000-k16-s801   1000   16  1800.0004   904.6968   14.4651   879.4350  0.0000  342.1842   7002   3170    4121040344
    del-n1000-k16-s801   1000   16  1800.0005  1703.6780   15.7195   771.3842  0.0000  337.6248   6906   3157    3409645559
    del-n1000-k5-s2292   1000    5  1800.0007   658.0617    3.3591   952.7316  0.0000  614.9066  26378  26250     855133230
    del-n1000-k5-s2292   1000    5  1800.0006   508.4784    4.0103  1012.7465  0.0000  612.8642  26796  26694     440801549
    del-n1000-k5-s2292   1000    5  1800.0006  1576.1890    3.3699  1288.8065  0.0000  614.9066  26731  26631    2893099825
    del-n1000-k5-s2292   1000    5  1800.0008     0.5213    6.0514  1133.6949  0.0000  612.8642  26682  26595    1202641724
    del-n1000-k5-s2292   1000    5  1800.0007     1.6801    2.9374   910.9348  0.0000  615.4256  26533  26432    3789815294
    del-n1000-k5-s2292   1000    5  1800.0007   127.0563    4.4221  1142.0092  0.0000  615.4256  26500  26380    4178091893
    del-n1000-k5-s2292   1000    5  1800.0007   615.4575    3.2943   895.6494  0.0000  613.5288  26708  26615     578358104
    del-n1000-k5-s2292   1000    5  1800.0008  1790.8003    6.1576   929.9867  0.0000  615.2651  26531  26432     548701820
    del-n1000-k5-s2292   1000    5  1800.0006  1610.5040    3.8999   991.5084  0.0000  614.9066  26675  26593    2200517734
    del-n1000-k5-s2292   1000    5  1800.0007   455.6973    5.5432   962.9928  0.0000  614.9066  26566  26485    3592251371
   del-n1000-k5-s54458   1000    5  1800.0006   436.3101    3.8533   985.9333  0.0000  609.6225  23891  23762     953568069
   del-n1000-k5-s54458   1000    5  1800.0007   981.9826    3.5636   985.0913  0.0000  609.5170  23533  23385     490150123
   del-n1000-k5-s54458   1000    5  1800.0007   202.7165    4.0885   996.4036  0.0000  610.9109  23479  23340     737767234
   del-n1000-k5-s54458   1000    5  1800.0007    40.9473    2.2695  1040.1730  0.0000  610.4609  23575  23435    3179527432
   del-n1000-k5-s54458   1000    5  1800.0006  1772.4976    2.9464  1295.5427  0.0000  609.3607  23716  23583    3511441287
   del-n1000-k5-s54458   1000    5  1800.0006  1667.5247    1.1147  1136.6010  0.0000  609.5170  23667  23522    1655418552
   del-n1000-k5-s54458   1000    5  1800.0005   542.9921    2.3286   855.5277  0.0000  609.5170  23653  23501    1694401145
   del-n1000-k5-s54458   1000    5  1800.0007    15.8195    2.0526  1360.3651  0.0000  609.2914  23538  23431    2040881634
   del-n1000-k5-s54458   1000    5  1800.0009  1301.6503    2.7029   996.2871  0.0000  609.5170  23736  23597    4288778171
   del-n1000-k5-s54458   1000    5  1800.0006   875.8651    3.1212  1234.0516  0.0000  609.6225  23493  23365    1922785211
   del-n1000-k5-s59721   1000    5  1800.0006    41.3965    2.5584  1009.8744  0.0000  610.6518  22467  22453     444900472
   del-n1000-k5-s59721   1000    5  1800.0005    17.2336    3.4017   997.9705  0.0000  610.6518  22521  22509     714139168
   del-n1000-k5-s59721   1000    5  1800.0006    29.8815    3.5281   940.0238  0.0000  610.6518  22407  22398    2230478654
   del-n1000-k5-s59721   1000    5  1800.0006    16.0542    1.8149   907.2522  0.0000  610.6518  22368  22357    3835849663
   del-n1000-k5-s59721   1000    5  1800.0006    24.4354    3.8731  1125.7883  0.0000  610.6518  22699  22690    1260594491
   del-n1000-k5-s59721   1000    5  1800.0006    20.1281    3.7953   948.1464  0.0000  610.6518  22477  22465    1996632521
   del-n1000-k5-s59721   1000    5  1800.0005    10.2967    2.7433   844.5247  0.0000  610.6518  22569  22552    2315407290
   del-n1000-k5-s59721   1000    5  1800.0005    15.2633    3.4588   871.3225  0.0000  610.6518  22503  22492    4152074158
   del-n1000-k5-s59721   1000    5  1800.0007     2.9904    3.6149   810.0696  0.0000  610.6518  22404  22396    2582239220
   del-n1000-k5-s59721   1000    5  1800.0007     8.6576    2.3455   948.1464  0.0000  610.6518  22691  22682    2953883160
del-n10000-k100-s11912  10000  100  1800.0021  1588.5818   55.9694   426.0888  0.0000  151.8463   1566    754    1143979068
del-n10000-k100-s11912  10000  100  1800.0023    25.8404   63.4170   835.6578  0.0000  142.7600   1538    734    3868327057
del-n10000-k100-s11912  10000  100  1800.0023  1683.0342   53.1327   584.4929  0.0000  152.1501   1517    735     367018377
del-n10000-k100-s11912  10000  100  1800.0024  1538.6345   70.0355   448.8548  0.0000  141.4680   1499    727    2738672256
del-n10000-k100-s11912  10000  100  1800.0020   724.5072   60.2926   857.5716  0.0000  149.5810   1529    776    3919808059
del-n10000-k100-s11912  10000  100  1800.0022  1672.7020   67.3570   432.4954  0.0000  146.5965   1511    747    1065303404
del-n10000-k100-s11912  10000  100  1800.0019   923.8475   58.6421   837.2674  0.0000  150.1441   1539    772    2366242473
del-n10000-k100-s11912  10000  100  1800.0129   773.7868   53.2209   435.9821  0.0000  154.8521   1490    664    3170286003
del-n10000-k100-s11912  10000  100  1800.0021  1057.8578   56.5113   442.7441  0.0000  153.0386   1495    705    3285553508
del-n10000-k100-s11912  10000  100  1800.0568   140.2562   51.1887   567.7256  0.0000  149.1297   1525    739    3932070136
del-n10000-k100-s41105  10000  100  1800.0024   427.0151   59.5390   697.4748  0.0000  159.3002   1381    616    1061611011
del-n10000-k100-s41105  10000  100  1800.0005  1280.9121   62.6158   374.5707  0.0000  163.1208   1367    624    3434335511
del-n10000-k100-s41105  10000  100  1800.0024   617.2042   58.2224   455.1829  0.0000  154.0924   1378    650     129885680
del-n10000-k100-s41105  10000  100  1800.0209   749.6239   61.6531   420.3008  0.0000  163.1186   1374    616     100614826
del-n10000-k100-s41105  10000  100  1800.0020   846.4273   56.2945   742.3545  0.0000  145.6078   1359    643    3019206659
del-n10000-k100-s41105  10000  100  1800.0004  1295.2258   55.1814   467.9232  0.0000  163.5133   1385    621     156545258
del-n10000-k100-s41105  10000  100  1800.0021  1367.5538   64.0565   545.6353  0.0000  155.8698   1399    665    1395724426
del-n10000-k100-s41105  10000  100  1800.0021  1651.1184   58.7893   586.4809  0.0000  143.4437   1409    658    2240200780
del-n10000-k100-s41105  10000  100  1800.0019  1285.1820   57.1827   916.9711  0.0000  156.6690   1392    648    1477054092
del-n10000-k100-s41105  10000  100  1800.0004  1392.8764   61.1164   550.7258  0.0000  155.0199   1394    625    3462975301
del-n10000-k100-s62397  10000  100  1800.0021   859.8336   56.8817   503.0414  0.0000  141.3150   1416    855    1212202346
del-n10000-k100-s62397  10000  100  1800.0023  1407.4227   64.7426   635.6990  0.0000  153.5242   1399    829    1510259949
del-n10000-k100-s62397  10000  100  1800.0020   771.6445   57.1686   358.0199  0.0000  162.6821   1419    853    3472434732
del-n10000-k100-s62397  10000  100  1800.0021  1149.5671   62.1024   827.3315  0.0000  151.2633   1429    862    2897032842
del-n10000-k100-s62397  10000  100  1800.0026  1084.6038   58.0522   435.9382  0.0000  149.2149   1418    863    2852188624
del-n10000-k100-s62397  10000  100  1800.0002   803.9250   69.2485   409.7662  0.0000  154.1049   1414    820    3315578464
del-n10000-k100-s62397  10000  100  1800.0023  1673.9341   50.6488   631.2730  0.0000  146.0141   1428    862    1201039295
del-n10000-k100-s62397  10000  100  1800.0021  1682.8645   68.1907   539.8208  0.0000  151.7319   1407    854    1797133213
del-n10000-k100-s62397  10000  100  1800.0022  1674.8911   64.5355   397.6850  0.0000  149.5430   1416    862    1766061818
del-n10000-k100-s62397  10000  100  1800.0018  1066.2631   59.7630   474.4410  0.0000  149.8161   1401    836    2976098377
 del-n10000-k160-s1986  10000  160  1800.0022   852.0169  119.5706   777.4693  0.0000  326.1193   1162      8    2190295471
 del-n10000-k160-s1986  10000  160  1800.0022   508.2185  113.0959   744.4387  0.0000  319.1926   1142      7    1753053991
 del-n10000-k160-s1986  10000  160  1800.0023  1710.1957  110.2441   551.6377  0.0000  386.1049   1164      8    2585519807
 del-n10000-k160-s1986  10000  160  1800.0023   551.6291  102.7592   402.8897  0.0000  358.1359   1148      6    3506156196
 del-n10000-k160-s1986  10000  160  1800.0026  1052.9373  103.7732   555.6863  0.0000  312.0400   1136      4    3887807720
 del-n10000-k160-s1986  10000  160  1800.0300  1379.1129  124.9923   526.4504  0.0000  308.9153   1149      5     204453437
 del-n10000-k160-s1986  10000  160  1800.0043   483.7633  106.0067   575.1138  0.0000  466.4855   1161      3    1092226750
 del-n10000-k160-s1986  10000  160  1800.0141  1242.1494  117.1084   394.0628  0.0000  272.2109   1157      7    2796271841
 del-n10000-k160-s1986  10000  160  1800.0005   974.1640  105.6944   700.1436  0.0000  283.9578   1148     10    2219538548
 del-n10000-k160-s1986  10000  160  1800.0026   819.7370   98.9060   727.6531  0.0000  268.0731   1149     11    1448393051
 del-n10000-k160-s7151  10000  160  1800.0028   262.0284  108.6352   472.1882  0.0000  170.2814   1167     16    2749878092
 del-n10000-k160-s7151  10000  160  1800.0025   471.6023  118.4014   450.7777  0.0000  195.7932   1170     17    3802726111
 del-n10000-k160-s7151  10000  160  1800.0024  1387.9705  104.6318   741.3441  0.0000  196.3883   1177     18     513416955
 del-n10000-k160-s7151  10000  160  1800.0026  1751.8125  113.1942   590.8153  0.0000  211.1813   1174     26    1771589294
 del-n10000-k160-s7151  10000  160  1800.0023   422.6342  112.0381   684.6390  0.0000  224.7597   1157     18    3013405296
 del-n10000-k160-s7151  10000  160  1800.0024  1169.5648  104.5165   603.5318  0.0000  175.8523   1165     23    1761829924
 del-n10000-k160-s7151  10000  160  1800.0026  1151.3415  109.2220   688.0189  0.0000  143.1761   1147     14    1943381894
 del-n10000-k160-s7151  10000  160  1800.0024  1334.0961  110.8861   417.3003  0.0000  215.7475   1172     26     891579932
 del-n10000-k160-s7151  10000  160  1800.0023   510.7321  104.7306   585.9123  0.0000  205.5576   1161     17     518837104
 del-n10000-k160-s7151  10000  160  1800.0024  1205.4523  110.5707   355.5782  0.0000  172.7303   1185     17    3582336929
 del-n10000-k160-s7725  10000  160  1800.0067  1156.9475  102.1163   698.4481  0.0000  154.0706   1080     40    3017520064
 del-n10000-k160-s7725  10000  160  1800.0029   646.2199  107.9082   570.7610  0.0000  215.8439   1072     45    1891040764
 del-n10000-k160-s7725  10000  160  1800.0023     0.8436  103.0666   660.9935  0.0000  209.5817   1099     55    3490239076
 del-n10000-k160-s7725  10000  160  1800.0023   333.3255   98.3462   527.3267  0.0000  134.8834   1083     43    3222352077
 del-n10000-k160-s7725  10000  160  1800.0026   469.1561  104.6425   422.8393  0.0000  191.5630   1071     38    1232523932
 del-n10000-k160-s7725  10000  160  1800.0026   282.2674  106.9633   544.9306  0.0000  219.7997   1073     32    1536639708
 del-n10000-k160-s7725  10000  160  1800.0024  1450.7740  104.1743   503.7711  0.0000  227.7121   1087     56    1626390971
 del-n10000-k160-s7725  10000  160  1800.0701   729.0644  108.4285   657.5353  0.0000  151.6045   1068     34     494544826
 del-n10000-k160-s7725  10000  160  1800.0124   980.2658  114.2163   698.4481  0.0000  239.4962   1083     51    3036316262
 del-n10000-k160-s7725  10000  160  1800.0029  1229.1913   97.4189   386.0884  0.0000  156.4665   1072     48    2701233155
 del-n10000-k50-s13697  10000   50  1800.0300  1715.7738   33.1410   617.5344  0.0000  203.8573   1602   1412     971351884
 del-n10000-k50-s13697  10000   50  1800.0017   897.9612   28.2488   404.4816  0.0000  202.2178   1556   1338    3830684159
 del-n10000-k50-s13697  10000   50  1800.0019  1286.6818   32.6341   496.6731  0.0000  201.6248   1535   1318    2497733330
 del-n10000-k50-s13697  10000   50  1800.0022   983.4076   34.8621   792.3758  0.0000  205.8607   1544   1304    1056002569
 del-n10000-k50-s13697  10000   50  1800.0017   768.7374   35.4893   863.4477  0.0000  201.7059   1523   1287    2308928415
 del-n10000-k50-s13697  10000   50  1800.0017  1451.1132   25.1190   851.3195  0.0000  196.5174   1542   1316    1426625762
 del-n10000-k50-s13697  10000   50  1800.0016  1648.2150   30.9692   611.4357  0.0000  198.9883   1598   1398    1235562564
 del-n10000-k50-s13697  10000   50  1800.0018   475.8659   32.3602   544.2464  0.0000  211.8728   1541   1326    1964414384
 del-n10000-k50-s13697  10000   50  1800.0017  1704.1197   31.8486   900.5199  0.0000  202.9787   1560   1353    3061549774
 del-n10000-k50-s13697  10000   50  1800.0019  1790.1259   30.0954   798.0623  0.0000  206.7163   1570   1351     508716271
 del-n10000-k50-s16765  10000   50  1800.0021  1064.8240   32.5283   783.3642  0.0000  198.2769   1742   1707    3343327771
 del-n10000-k50-s16765  10000   50  1800.0124   300.2212   32.6868   471.3465  0.0000  201.0644   1732   1703    2763965258
 del-n10000-k50-s16765  10000   50  1800.0018  1091.4934   27.7162   755.0320  0.0000  200.5577   1723   1685     166663817
 del-n10000-k50-s16765  10000   50  1800.0015   622.7311   36.1953   941.3182  0.0000  194.3085   1722   1685    3375756107
 del-n10000-k50-s16765  10000   50  1800.0026   847.0586   34.7170   481.0951  0.0000  207.4317   1724   1685     696433467
 del-n10000-k50-s16765  10000   50  1800.0018  1238.0755   28.5230   606.1399  0.0000  202.7289   1747   1715     619318635
 del-n10000-k50-s16765  10000   50  1800.0018  1450.1756   25.5004   655.0069  0.0000  197.7832   1710   1679    3084841979
 del-n10000-k50-s16765  10000   50  1800.0018   381.8433   38.8212   777.9016  0.0000  197.8812   1737   1708    3921589616
 del-n10000-k50-s16765  10000   50  1800.0019   224.3861   18.4810   658.7119  0.0000  204.9751   1747   1719    1097170024
 del-n10000-k50-s16765  10000   50  1800.0019  1578.2160   31.4405   511.2098  0.0000  196.6433   1738   1702     190414641
  del-n10000-k50-s2196  10000   50  1800.0017  1413.9175   32.6565   944.0211  0.0000  200.9901   1848   1807    2304111989
  del-n10000-k50-s2196  10000   50  1800.0014  1091.1801   33.1367   535.4668  0.0000  199.9120   1831   1804     746487987
  del-n10000-k50-s2196  10000   50  1800.0018    21.4599   27.6920   472.9202  0.0000  200.2736   1871   1844    4164654962
  del-n10000-k50-s2196  10000   50  1800.0023   257.0093   28.6782   446.1876  0.0000  201.4376   1877   1851    3055886474
  del-n10000-k50-s2196  10000   50  1800.0017   511.1303   27.9881   535.7640  0.0000  198.8659   1818   1787    3684597345
  del-n10000-k50-s2196  10000   50  1800.0018   654.9136   31.0219   513.5113  0.0000  203.4874   1855   1831    3106280219
  del-n10000-k50-s2196  10000   50  1800.0004  1447.6957   28.1562   473.2343  0.0000  203.9226   1820   1788     641096036
  del-n10000-k50-s2196  10000   50  1800.0019  1542.1151   26.0771   679.7720  0.0000  201.6424   1820   1785    3105128536
  del-n10000-k50-s2196  10000   50  1800.0019  1760.4151   23.7716   451.8148  0.0000  194.0515   1861   1838     829058690
  del-n10000-k50-s2196  10000   50  1800.0020   909.7813   28.7715   661.9969  0.0000  193.3702   1812   1785     747120776
  del-n2500-k12-s21271   2500   12  1800.0007   198.6815    8.5955  1006.4818  0.0000  377.4487  10273  10251     974807828
  del-n2500-k12-s21271   2500   12  1800.0008  1265.8245    6.9227   818.5715  0.0000  375.0995  10403  10375    2230727035
  del-n2500-k12-s21271   2500   12  1800.0006  1332.0052    5.3540   714.0325  0.0000  379.2409  10204  10171    1513693556
  del-n2500-k12-s21271   2500   12  1800.0005  1363.8288   11.5152   860.1769  0.0000  378.7542  10218  10189    3249527988
  del-n2500-k12-s21271   2500   12  1800.0007  1647.5363    6.7491   739.8617  0.0000  379.8792  10338  10307    1864741624
  del-n2500-k12-s21271   2500   12  1800.0008  1270.9096   10.0925   986.7277  0.0000  374.6633  10365  10336    1240471907
  del-n2500-k12-s21271   2500   12  1800.0006   681.4892    7.3747   970.4358  0.0000  372.0313   9924   9897    2146537650
  del-n2500-k12-s21271   2500   12  1800.0003  1324.9958   10.6327   752.9938  0.0000  379.0771  10545  10526     714689445
  del-n2500-k12-s21271   2500   12  1800.0008    99.4720    4.8848  1104.2361  0.0000  373.6263  10522  10504    2251952066
  del-n2500-k12-s21271   2500   12  1800.0006  1288.3289    8.5768   928.4961  0.0000  377.6857  10058  10030    3187460946
  del-n2500-k12-s48959   2500   12  1800.0005   737.4317   11.6572   956.5504  0.0000  380.6427   8420   8371    3361054433
  del-n2500-k12-s48959   2500   12  1800.0005  1180.1733   14.0915   842.3979  0.0000  380.3823   8417   8375     399787258
  del-n2500-k12-s48959   2500   12  1800.0005   682.4134    8.3232   768.3211  0.0000  384.0887   8407   8364     167167770
  del-n2500-k12-s48959   2500   12  1800.0002   577.2449    9.9578   683.9112  0.0000  381.2049   8428   8382    3677979952
  del-n2500-k12-s48959   2500   12  1800.0005  1055.7439    5.5641   660.9288  0.0000  381.2328   8461   8411    3638781873
  del-n2500-k12-s48959   2500   12  1800.0007  1297.2993   10.3956   637.8183  0.0000  380.3823   8559   8516    1424233420
  del-n2500-k12-s48959   2500   12  1800.0005  1581.2365    8.1077   770.1481  0.0000  378.5517   8597   8555    4267034282
  del-n2500-k12-s48959   2500   12  1800.0006   475.3460    8.9745   887.9070  0.0000  378.3553   8637   8593    3983734172
  del-n2500-k12-s48959   2500   12  1800.0006  1390.1189   11.3497   925.8799  0.0000  380.3823   8597   8550    1353785117
  del-n2500-k12-s48959   2500   12  1800.0007   428.9022    8.6747   956.5504  0.0000  384.8919   8550   8509    2010362130
  del-n2500-k12-s57389   2500   12  1800.0005  1291.7461    7.2846   895.1169  0.0000  379.6799   6526   6451    2935948307
  del-n2500-k12-s57389   2500   12  1800.0003   296.9952    9.6745   610.8647  0.0000  378.5869   6559   6477    2837059106
  del-n2500-k12-s57389   2500   12  1800.0004  1014.9692    8.2492   776.6837  0.0000  378.7796   6816   6735    2295047966
  del-n2500-k12-s57389   2500   12  1800.0005   246.1851    7.4330   688.2192  0.0000  378.1026   6638   6559    1414407975
  del-n2500-k12-s57389   2500   12  1800.0005   565.6973    7.2005   910.3484  0.0000  379.0262   6732   6658     620676491
  del-n2500-k12-s57389   2500   12  1800.0002  1094.9721    6.5262   712.0688  0.0000  375.3849   6557   6480     528428312
  del-n2500-k12-s57389   2500   12  1800.0006  1648.0452   10.0258   721.4965  0.0000  380.3993   6801   6723    2733793461
  del-n2500-k12-s57389   2500   12  1800.0007   824.2026    7.7401   769.0488  0.0000  381.1933   6651   6557      49741867
  del-n2500-k12-s57389   2500   12  1800.0006   579.0466    8.8340   635.8290  0.0000  381.9169   6711   6617    2492171582
  del-n2500-k12-s57389   2500   12  1800.0007   654.5567    6.8673   927.1730  0.0000  377.2871   6500   6429    3866486162
  del-n2500-k25-s25485   2500   25  1800.0004  1545.0813   16.2800   531.8879  0.0000  254.0644   6557   5645    3908582116
  del-n2500-k25-s25485   2500   25  1800.0007  1660.0978   16.9843   800.9418  0.0000  261.6688   6643   5755    2246838244
  del-n2500-k25-s25485   2500   25  1800.0006   263.3392   17.7838   928.6161  0.0000  254.7461   6529   5649    2496541032
  del-n2500-k25-s25485   2500   25  1800.0009  1359.3935   13.9715   827.4508  0.0000  260.7891   6600   5692    3859215552
  del-n2500-k25-s25485   2500   25  1800.0009   105.7259   19.2356   732.6742  0.0000  256.9252   6569   5635    3176950766
  del-n2500-k25-s25485   2500   25  1800.0007  1427.7615   14.9124   920.6856  0.0000  258.3480   6575   5693    2235849681
  del-n2500-k25-s25485   2500   25  1800.0007     6.8935   15.0208   773.4041  0.0000  255.9917   6596   5699     289764524
  del-n2500-k25-s25485   2500   25  1800.0009   182.8678   20.8289   648.5392  0.0000  252.5378   6801   5925    3383520799
  del-n2500-k25-s25485   2500   25  1800.0005  1751.9184   20.5801   636.5073  0.0000  255.2325   6795   5862    2133061848
  del-n2500-k25-s25485   2500   25  1800.0007   227.5296   18.3976   422.0506  0.0000  256.6581   6731   5840     536116154
  del-n2500-k25-s36465   2500   25  1800.0007  1785.1946   24.9266   728.6353  0.0000  259.2748   5796   4480    1691308489
  del-n2500-k25-s36465   2500   25  1800.0003   427.0604   16.7053   795.9706  0.0000  255.3194   5648   4371     478669636
  del-n2500-k25-s36465   2500   25  1800.0006  1309.5216   18.1319   908.6642  0.0000  255.0922   5747   4440     895630498
  del-n2500-k25-s36465   2500   25  1800.0007  1720.0105   19.8891   833.8411  0.0000  261.7052   5853   4505    2239733720
  del-n2500-k25-s36465   2500   25  1800.0008   965.5623   19.7955   819.3339  0.0000  259.8759   5707   4398     499753296
  del-n2500-k25-s36465   2500   25  1800.0006  1136.7752   16.4558   756.3660  0.0000  260.9734   5756   4489    2098194918
  del-n2500-k25-s36465   2500   25  1800.0006   830.4322   17.4452   993.2696  0.0000  260.9734   5688   4408     344422101
  del-n2500-k25-s36465   2500   25  1800.0007   231.6418   15.0939   899.3034  0.0000  262.9311   5859   4555    1824249192
  del-n2500-k25-s36465   2500   25  1800.0005  1103.9784   21.8815   822.9954  0.0000  259.6405   5529   4173    1698060949
  del-n2500-k25-s36465   2500   25  1800.0008   889.4056   12.5205   598.1686  0.0000  260.5105   5694   4402    1815625161
  del-n2500-k25-s42468   2500   25  1800.0007   174.7168   21.5354   996.4440  0.0000  265.8660   6143   5152    3355549198
  del-n2500-k25-s42468   2500   25  1800.0006  1452.1261   18.5775   848.5179  0.0000  264.9988   6298   5246    1068404325
  del-n2500-k25-s42468   2500   25  1800.0004   745.1572   23.2184   837.1083  0.0000  261.7873   6381   5395    2617602340
  del-n2500-k25-s42468   2500   25  1800.0017   956.3881   18.0808   979.2316  0.0000  271.3776   6374   5408    1167036408
  del-n2500-k25-s42468   2500   25  1800.0012   870.2862   18.0575   812.4546  0.0000  269.0873   6436   5479     104348422
  del-n2500-k25-s42468   2500   25  1800.0006   109.0533   13.5205   764.9519  0.0000  260.9375   6400   5414    4252459248
  del-n2500-k25-s42468   2500   25  1800.0007  1208.6651   16.0883   857.8820  0.0000  263.9093   6365   5431    2361313033
  del-n2500-k25-s42468   2500   25  1800.0006  1072.9604   16.8841   791.4337  0.0000  264.4181   6296   5329    3937972758
  del-n2500-k25-s42468   2500   25  1800.0007  1154.9547   19.6436   837.1083  0.0000  264.8933   6365   5431    3922952494
  del-n2500-k25-s42468   2500   25  1800.0005  1045.2803   18.3711   798.3288  0.0000  261.5357   6423   5450     439292801
  del-n2500-k40-s25162   2500   40  1800.0006    22.6333   23.3315   672.0247  0.0000  281.4823   3390    136    3884263059
  del-n2500-k40-s25162   2500   40  1800.0007   581.5175   30.4721   796.5050  0.0000  302.8174   3348    142     306836291
  del-n2500-k40-s25162   2500   40  1800.0008  1103.5555   29.5959   694.1908  0.0000  304.0865   3353    164    1608814279
  del-n2500-k40-s25162   2500   40  1800.0007   325.7754   26.7018   768.2791  0.0000  273.7208   3312    141      76149839
  del-n2500-k40-s25162   2500   40  1800.0007  1602.7804   30.8996   886.1822  0.0000  269.5601   3369    131    3143689781
  del-n2500-k40-s25162   2500   40  1800.0006  1007.4190   26.3004   841.0873  0.0000  261.8802   3369    151    1408436578
  del-n2500-k40-s25162   2500   40  1800.0006   179.2514   31.8023   634.9706  0.0000  284.1695   3333    134    3601935215
  del-n2500-k40-s25162   2500   40  1800.0007   147.3204   24.9401   443.9912  0.0000  299.3700   3373    147    4238794477
  del-n2500-k40-s25162   2500   40  1800.0007   358.2535   22.7728   542.1752  0.0000  256.5967   3371    143    2043696280
  del-n2500-k40-s25162   2500   40  1800.0007  1774.1959   33.4907   869.5901  0.0000  285.7208   3391    150    1527639100
  del-n2500-k40-s37470   2500   40  1800.0006   638.8143   28.1304   538.2568  0.0000  233.1685   3934    846    2915832497
  del-n2500-k40-s37470   2500   40  1800.0007    34.9549   29.1425   695.7435  0.0000  236.3724   3934    855     658166147
  del-n2500-k40-s37470   2500   40  1800.0007   478.6425   27.4508   702.6490  0.0000  233.8648   3973    876    3603885245
  del-n2500-k40-s37470   2500   40  1800.0008   921.6721   26.7971   727.3293  0.0000  226.1514   3902    851    3200258427
  del-n2500-k40-s37470   2500   40  1800.0007  1160.9718   30.0347   512.9214  0.0000  230.9990   3897    845    1089291572
  del-n2500-k40-s37470   2500   40  1800.0002   578.4605   35.0569   806.2937  0.0000  228.6902   3999    891    1760800768
  del-n2500-k40-s37470   2500   40  1800.0006   991.5432   33.5196   951.0372  0.0000  231.7239   3937    875    2798191115
  del-n2500-k40-s37470   2500   40  1800.0003  1145.9810   30.9999   661.5751  0.0000  234.8188   3938    862     455626392
  del-n2500-k40-s37470   2500   40  1800.0008   334.0775   23.0492   761.3843  0.0000  231.0087   3939    880    1277603648
  del-n2500-k40-s37470   2500   40  1800.0008  1551.2509   29.0794   980.9558  0.0000  226.9449   3909    838    3685551128
  del-n2500-k40-s43853   2500   40  1800.0008   645.3035   29.8552   505.2500  0.0000  214.3584   5108   2547    2039582680
  del-n2500-k40-s43853   2500   40  1800.0008   794.4789   25.3583   594.4227  0.0000  217.2302   5174   2665    1574078113
  del-n2500-k40-s43853   2500   40  1800.0008  1690.3071   26.2283   974.2885  0.0000  221.2229   5169   2646      82199973
  del-n2500-k40-s43853   2500   40  1800.0006  1647.2822   28.0392   657.9296  0.0000  220.9816   5193   2636    1974194657
  del-n2500-k40-s43853   2500   40  1800.0008    69.2482   31.3725   644.9300  0.0000  213.1642   5219   2751    2952952232
  del-n2500-k40-s43853   2500   40  1800.0009   713.8694   27.7648   617.8857  0.0000  216.2442   5079   2541    1978059802
  del-n2500-k40-s43853   2500   40  1800.0003  1726.8908   28.5604   593.5449  0.0000  217.2407   5195   2661    3914262794
  del-n2500-k40-s43853   2500   40  1800.0009    12.7784   25.7760   922.5944  0.0000  217.0363   5152   2617    3864794319
  del-n2500-k40-s43853   2500   40  1800.0007  1630.0419   26.0715   922.0951  0.0000  216.5106   5179   2664     343712563
  del-n2500-k40-s43853   2500   40  1800.0002   106.6612   30.8761   588.4745  0.0000  216.2350   5160   2627    3850369491
  del-n5000-k25-s17706   5000   25  1800.0010   396.5708   17.1810   584.2623  0.0000  261.6049   3430   3317    3207771513
  del-n5000-k25-s17706   5000   25  1800.0009   604.7162   14.6323   522.2229  0.0000  270.0888   3467   3337    3209905534
  del-n5000-k25-s17706   5000   25  1800.0010   941.9478   18.7943   417.9615  0.0000  264.5296   3567   3441      74750975
  del-n5000-k25-s17706   5000   25  1800.0012  1250.5531   17.4759   514.8626  0.0000  266.0592   3502   3365    3358115433
  del-n5000-k25-s17706   5000   25  1800.0009  1748.3636    9.2108   818.4597  0.0000  263.3433   3547   3416    1994943399
  del-n5000-k25-s17706   5000   25  1800.0009   452.2655   16.9560   956.1214  0.0000  266.5322   3507   3399     376236887
  del-n5000-k25-s17706   5000   25  1800.0008  1024.8389   18.6973   558.2381  0.0000  263.6127   3505   3366     131957615
  del-n5000-k25-s17706   5000   25  1800.0007   550.2290   16.3143   726.4306  0.0000  263.7344   3399   3267    2934562667
  del-n5000-k25-s17706   5000   25  1800.0008  1063.2230   13.3893   525.2362  0.0000  266.2894   3498   3367     762760537
  del-n5000-k25-s17706   5000   25  1800.0012    50.2625   14.7846   544.6171  0.0000  259.3897   3466   3343    1834333183
  del-n5000-k25-s39997   5000   25  1800.0008   797.4931   16.1988   740.8228  0.0000  261.5556   3785   3770    1313691520
  del-n5000-k25-s39997   5000   25  1800.0008  1584.0807   11.9360   585.5185  0.0000  262.3637   3795   3778    4021026761
  del-n5000-k25-s39997   5000   25  1800.0010  1616.9773   13.2177   549.3167  0.0000  260.1471   3745   3711    3597019509
  del-n5000-k25-s39997   5000   25  1800.0011   767.9161   16.0296   922.9162  0.0000  260.0558   3737   3706    2077905730
  del-n5000-k25-s39997   5000   25  1800.0002  1220.1119   13.8497   496.5597  0.0000  265.4351   3840   3811    1172451197
  del-n5000-k25-s39997   5000   25  1800.0009   972.9047   16.2301   524.5365  0.0000  263.9607   3766   3743     376605703
  del-n5000-k25-s39997   5000   25  1800.0008   597.5970   13.0786   537.3166  0.0000  264.7744   3869   3845     423057197
  del-n5000-k25-s39997   5000   25  1800.0009  1273.1754   17.4611   739.0667  0.0000  261.3554   3883   3859    1492963337
  del-n5000-k25-s39997   5000   25  1800.0008  1069.0549   15.5718   670.2126  0.0000  252.3297   3843   3824    2114292399
  del-n5000-k25-s39997   5000   25  1800.0029   433.0600   20.7621   818.8047  0.0000  259.1449   3810   3780    2604967584
  del-n5000-k25-s52517   5000   25  1800.0009  1294.4876   19.1881   876.0210  0.0000  265.9307   3952   3921    2049849865
  del-n5000-k25-s52517   5000   25  1800.0011   150.2912    8.4161   579.3456  0.0000  262.7891   4013   3983    1386453804
  del-n5000-k25-s52517   5000   25  1800.0008     6.4379   18.8327   778.0049  0.0000  259.8109   3956   3928    1587363042
  del-n5000-k25-s52517   5000   25  1800.0009    85.1685   14.6877   743.6715  0.0000  260.9170   3868   3837    1152857401
  del-n5000-k25-s52517   5000   25  1800.0009  1329.4347   12.2814   570.3425  0.0000  263.2572   3876   3848    1412374520
  del-n5000-k25-s52517   5000   25  1800.0007  1515.4761   16.7607   684.6486  0.0000  265.5681   3899   3856    3796190354
  del-n5000-k25-s52517   5000   25  1800.0004  1577.4857   13.3063   495.9463  0.0000  262.6661   3960   3939     922449683
  del-n5000-k25-s52517   5000   25  1800.0008   977.6604   13.7717   636.9325  0.0000  260.0303   4017   3992    2010264287
  del-n5000-k25-s52517   5000   25  1800.0012   185.7590   16.7980   661.8658  0.0000  263.1074   3863   3826     319171192
  del-n5000-k25-s52517   5000   25  1800.0011   426.8932   15.1944   878.1270  0.0000  261.5377   3980   3957    3770607987
  del-n5000-k50-s13975   5000   50  1800.0011  1006.5058   32.1840   730.1325  0.0000  196.2316   3983   2856    3464132437
  del-n5000-k50-s13975   5000   50  1800.0011  1292.8677   33.8907   854.7216  0.0000  197.1407   3952   2881    3734409492
  del-n5000-k50-s13975   5000   50  1800.0010  1124.9013   28.5518   853.9413  0.0000  194.0932   3911   2793    1539016522
  del-n5000-k50-s13975   5000   50  1800.0010   941.8841   40.0506   974.4460  0.0000  197.7988   3992   2923    3843187194
  del-n5000-k50-s13975   5000   50  1800.0011  1625.4996   30.9302   452.3088  0.0000  200.3748   3931   2821    3883136887
  del-n5000-k50-s13975   5000   50  1800.0010  1146.3042   32.2181   497.3670  0.0000  199.9029   3923   2800    3303643158
  del-n5000-k50-s13975   5000   50  1800.0036  1616.1415   30.7944   895.6866  0.0000  200.9283   4014   2941    3072461325
  del-n5000-k50-s13975   5000   50  1800.0010  1053.9581   32.6483   657.7445  0.0000  201.2331   3963   2865    3155311954
  del-n5000-k50-s13975   5000   50  1800.0012    79.9006   30.9552   828.5953  0.0000  204.3851   3991   2841    1802376687
  del-n5000-k50-s13975   5000   50  1800.0010    20.8619   27.6229   995.5235  0.0000  203.7641   3968   2848     940434747
  del-n5000-k50-s23709   5000   50  1800.0013   913.5441   33.2480   726.4206  0.0000  194.5196   3860   3022    2665598253
  del-n5000-k50-s23709   5000   50  1800.0010   293.1754   31.9895   765.1725  0.0000  192.0851   3796   3027    2495759369
  del-n5000-k50-s23709   5000   50  1800.0011   272.0235   32.4218   504.9750  0.0000  197.5136   3859   3083      86826707
  del-n5000-k50-s23709   5000   50  1800.0011   407.9850   32.0382   479.7815  0.0000  188.7044   3863   3116    2650000930
  del-n5000-k50-s23709   5000   50  1800.0012   335.1361   30.7286   514.8997  0.0000  192.8143   3756   2948    1237210232
  del-n5000-k50-s23709   5000   50  1800.0012   861.1169   27.0490   754.4483  0.0000  199.8973   3892   3086     236946726
  del-n5000-k50-s23709   5000   50  1800.0011   589.3433   29.2652   777.3958  0.0000  196.2995   3863   3100    3022575622
  del-n5000-k50-s23709   5000   50  1800.0011   559.5534   33.9142   921.7778  0.0000  194.2051   3819   2994     246511367
  del-n5000-k50-s23709   5000   50  1800.0012   626.2868   32.1893   531.4206  0.0000  192.1250   3821   3036    4095836720
  del-n5000-k50-s23709   5000   50  1800.0011   155.5995   30.6050   733.6995  0.0000  190.3511   3795   3032     878743825
   del-n5000-k50-s5359   5000   50  1800.0017   103.8191   35.1702   837.0042  0.0000  194.6602   3242   2064     132847989
   del-n5000-k50-s5359   5000   50  1800.0011   887.7817   26.6380   557.9526  0.0000  198.8445   3282   2106    3201439916
   del-n5000-k50-s5359   5000   50  1800.0012   159.4905   30.7413   730.9220  0.0000  203.2399   3285   2121    2878067761
   del-n5000-k50-s5359   5000   50  1800.0011   508.3299   38.0211   601.0834  0.0000  199.4146   3288   2128    3444036029
   del-n5000-k50-s5359   5000   50  1800.0013  1629.3794   26.7640   497.3716  0.0000  197.0194   3259   2046     853437842
   del-n5000-k50-s5359   5000   50  1800.0011  1203.4346   36.1969   600.7346  0.0000  195.2395   3181   1988    1718934785
   del-n5000-k50-s5359   5000   50  1800.0012   175.5671   38.0009   916.4757  0.0000  192.4071   3281   2137    3246530678
   del-n5000-k50-s5359   5000   50  1800.0010   874.2536   32.4154   579.3118  0.0000  194.5929   3265   2070     284304463
   del-n5000-k50-s5359   5000   50  1800.0012  1035.1668   30.7901   624.6961  0.0000  199.2992   3195   2034    1907495114
   del-n5000-k50-s5359   5000   50  1800.0002   746.5022   26.6407   943.6596  0.0000  196.1237   3224   2072    1488991058
  del-n5000-k80-s23438   5000   80  1800.0014  1776.0294   60.8652   623.9856  0.0000  161.1727   2304    338      19807851
  del-n5000-k80-s23438   5000   80  1800.0011   628.6728   56.1616   484.1337  0.0000  181.3390   2296    307    2576620832
  del-n5000-k80-s23438   5000   80  1800.0013   131.8185   56.7777   542.7371  0.0000  181.9027   2315    330    3512733609
  del-n5000-k80-s23438   5000   80  1800.0014  1598.2474   59.3388   561.6751  0.0000  191.8028   2308    324    2275097108
  del-n5000-k80-s23438   5000   80  1800.0012  1581.4714   53.2694   582.0121  0.0000  176.2591   2324    348    3820495370
  del-n5000-k80-s23438   5000   80  1800.0013   186.6294   53.9180   609.3828  0.0000  177.6417   2305    311     379301776
  del-n5000-k80-s23438   5000   80  1800.0013   388.4714   57.8727   667.6360  0.0000  180.4747   2307    328    1471989999
  del-n5000-k80-s23438   5000   80  1800.0013   672.2086   49.5544   593.8048  0.0000  172.0749   2289    347     148599033
  del-n5000-k80-s23438   5000   80  1800.0013  1662.8186   60.3135   558.3332  0.0000  179.9514   2264    286    3363970495
  del-n5000-k80-s23438   5000   80  1800.0013   804.0010   55.1425   646.5992  0.0000  167.9426   2297    320    3263602371
  del-n5000-k80-s24612   5000   80  1800.0002  1269.8545   49.4927   491.3990  0.0000  186.3883   2406    322     659752741
  del-n5000-k80-s24612   5000   80  1800.0012   998.1042   62.6863   387.6636  0.0000  204.7610   2400    290    3113610920
  del-n5000-k80-s24612   5000   80  1800.0194  1032.6036   63.7749   506.5565  0.0000  186.3013   2431    297    1507856253
  del-n5000-k80-s24612   5000   80  1800.0013   525.2706   51.7966   548.2202  0.0000  176.2573   2389    283    1088619290
  del-n5000-k80-s24612   5000   80  1800.0013  1137.9533   51.8123   661.7126  0.0000  183.5006   2404    286    2092291855
  del-n5000-k80-s24612   5000   80  1800.0013   864.2614   59.5480   604.3677  0.0000  186.9638   2403    266    1747487488
  del-n5000-k80-s24612   5000   80  1800.0013    48.7186   52.3990   811.3028  0.0000  180.4511   2426    286    1672767408
  del-n5000-k80-s24612   5000   80  1800.0013   448.3999   62.8430   956.1232  0.0000  193.6646   2380    293    3143029159
  del-n5000-k80-s24612   5000   80  1800.0013   870.8566   61.4602   511.2572  0.0000  184.4419   2374    281     308766842
  del-n5000-k80-s24612   5000   80  1800.0014  1766.4397   43.8953   535.1925  0.0000  171.0359   2388    330    4275690479
  del-n5000-k80-s55111   5000   80  1800.0014   194.8463   54.5886   545.1998  0.0000  183.6160   2202    300     186932256
  del-n5000-k80-s55111   5000   80  1800.0014   161.4890   58.4533   656.7567  0.0000  183.9082   2191    287     805640155
  del-n5000-k80-s55111   5000   80  1800.0013   207.5995   59.2846   480.4438  0.0000  198.4738   2167    269    4024102707
  del-n5000-k80-s55111   5000   80  1800.0012  1262.6073   57.3357   668.1711  0.0000  186.0057   2189    308    2676830884
  del-n5000-k80-s55111   5000   80  1800.0003    23.9243   64.6625   729.6255  0.0000  189.4555   2169    305    3533416677
  del-n5000-k80-s55111   5000   80  1800.0013   655.1916   58.4104   480.9452  0.0000  193.8796   2196    299    2230300781
  del-n5000-k80-s55111   5000   80  1800.0013    58.5706   53.9157   746.4608  0.0000  187.2621   2154    267    1282819395
  del-n5000-k80-s55111   5000   80  1800.0011  1484.3241   58.2135   739.5402  0.0000  178.7690   2194    295    4070002312
  del-n5000-k80-s55111   5000   80  1800.0012  1076.3502   57.7805   862.1429  0.0000  178.7202   2131    261    1109204845
  del-n5000-k80-s55111   5000   80  1800.0011   667.0178   51.1529   424.8227  0.0000  192.7698   2216    276     973831498