instance    n   k       time        ttb  cons_bal  cons_cmp     bal      cmp   repl   feas        seed
 d500-01  500  10  1800.0006   128.7934    1.3901   47.1060  0.0000  38.2335  30094  15608  1237302466
 d500-01  500  10  1800.0021   218.6918    1.8739   80.8574  0.0000  38.2335  30148  15764   770401321
 d500-01  500  10  1800.0006    78.4326    0.2262   57.1439  0.0000  38.2335  29794  15509  1961818508
 d500-01  500  10  1800.0005    21.1928    1.9417   51.1967  0.0000  38.2335  29978  15493  4218323443
 d500-01  500  10  1800.0006    69.4979    2.3015   52.4345  0.0000  38.2335  29846  15435  3976470366
 d500-01  500  10  1800.0006    23.3094    0.3976   55.3995  0.0000  38.2335  29996  15650  2814487589
 d500-01  500  10  1800.0005     5.8744    1.1598   54.8398  0.0000  38.2335  30037  15542  1568447329
 d500-01  500  10  1800.0006    93.3822    1.0248   52.5097  0.0000  38.2335  29888  15506  4022544543
 d500-01  500  10  1800.0006    50.8515    3.2006   58.6817  0.0000  38.2335  30131  15474   586774003
 d500-01  500  10  1800.0007    44.3063    0.7982   49.9954  0.0000  38.2335  29817  15325  2411848362
 d500-02  500  10  1800.0004   269.5844    0.7160   71.6461  0.0000  39.4317  23309   7776  3073434245
 d500-02  500  10  1800.0004   145.9594    0.5865   48.8215  0.0000  39.4317  23376   7674  1956234623
 d500-02  500  10  1800.0005  1139.3703    4.5409   48.3882  0.0000  39.4317  23389   7680  2568080417
 d500-02  500  10  1800.0004   724.1776    1.9326   64.0541  0.0000  39.3711  23329   7612  1974960059
 d500-02  500  10  1800.0004   154.3163    0.9862   54.8122  0.0000  39.4317  23166   7496  1391135143
 d500-02  500  10  1800.0004   267.2927    2.1216   58.4487  0.0000  39.4317  23342   7663  3085313657
 d500-02  500  10  1800.0005   656.7245    1.7414   53.9666  0.0000  39.4317  23264   7468  1854531632
 d500-02  500  10  1800.0005   623.8935    2.5540   56.0761  0.0000  39.4082  23489   7800  1759745315
 d500-02  500  10  1800.0004   965.6241    2.7133   51.4875  0.0000  39.4317  23455   7749  1561825477
 d500-02  500  10  1800.0004   429.3370    1.1524   47.2054  0.0000  39.4317  23417   7808  3801515843
 d500-03  500  10  1800.0003   362.7840    2.5111   68.1270  0.0000  48.0881  19257     74   301377271
 d500-03  500  10  1800.0003  1063.2686    2.7817   64.0018  0.0000  47.5683  19295     89  1128860725
 d500-03  500  10  1800.0012   939.4630    4.6050   46.4268  0.0000  44.9075  19243     85   535297849
 d500-03  500  10  1800.0003   536.3652    2.0044   57.5944  0.0000  51.4798  19383     77  2894351640
 d500-03  500  10  1800.0003   899.9838    4.1284   55.2969  0.0000  44.9075  19221    102   922783814
 d500-03  500  10  1800.0003   615.3710    2.2219   65.1204  0.0000  51.6304  19309     85  1545124560
 d500-03  500  10  1800.0003   919.5920    4.8070   75.8625  0.0000  47.9316  19359     86   147501944
 d500-03  500  10  1800.0003   762.5561    0.7798   52.6551  0.0000  47.9316  19330     90  3666575566
 d500-03  500  10  1800.0003  1301.1342    4.7177   65.8771  0.0000  47.5641  19259     77  3321684913
 d500-03  500  10  1800.0003   521.5987    4.3437   59.7316  0.0000  49.2677  19297     87   251596913
 d500-04  500  10  1800.0004  1424.3940    2.5199   65.7917  0.0000  42.1712  21750   6244  3166360649
 d500-04  500  10  1800.0004  1729.1643    1.7940   53.2641  0.0000  42.2167  21912   6422  4247814650
 d500-04  500  10  1800.0004   556.9828    0.7210   65.9450  0.0000  42.2202  21858   6292  2036230423
 d500-04  500  10  1800.0004   106.4065    5.2448   57.1059  0.0000  42.5380  21972   6401  3938497135
 d500-04  500  10  1800.0004  1061.5285    2.6606   58.9027  0.0000  41.6755  21795   6420  3682597703
 d500-04  500  10  1800.0004   186.2127    1.8994   63.0966  0.0000  42.3274  21925   6412  3118826593
 d500-04  500  10  1800.0005  1639.0212    3.8021   52.3422  0.0000  42.0041  21627   6364  2377586088
 d500-04  500  10  1800.0004  1142.3219    2.8590   53.4107  0.0000  42.0685  21610   6282  1622448555
 d500-04  500  10  1800.0004   816.0794    1.8282   59.1547  0.0000  41.4667  21663   6331  1350833089
 d500-04  500  10  1800.0003  1677.5253    1.8123   66.6657  0.0000  41.3958  21671   6286   763319716
 d500-05  500  10  1800.0005     4.9738    1.9123   55.0171  0.0000  39.5794  26455  11090  3609568228
 d500-05  500  10  1800.0005   154.9605    2.2776   53.8488  0.0000  39.5794  26354  10898   255863638
 d500-05  500  10  1800.0005    33.8966    1.9553   58.7212  0.0000  39.5794  26131  10815   906110968
 d500-05  500  10  1800.0005   212.0107    2.5954   54.9911  0.0000  39.5794  26167  10786  2750380775
 d500-05  500  10  1800.0005     5.5230    0.5748   57.9789  0.0000  39.5794  26325  10859   714601228
 d500-05  500  10  1800.0005   165.0722    1.1653   52.3056  0.0000  39.5794  26228  10788  2671957356
 d500-05  500  10  1800.0005   141.7472    4.7179   63.4746  0.0000  39.5794  26349  10913  1128161722
 d500-05  500  10  1800.0005    24.5667    1.4790   54.1217  0.0000  39.5794  26580  11174  1756107365
 d500-05  500  10  1800.0005    63.4636    2.9482   52.2483  0.0000  39.5794  26439  10969  1819653076
 d500-05  500  10  1800.0005   125.7053    5.0997   57.3519  0.0000  39.5794  26144  10590  1454377661
 d500-06  500  10  1800.0002  1487.4147    1.9229   72.9538  0.0000  42.5409  18952    585  3695518444
 d500-06  500  10  1800.0003    27.6443    1.5073   67.5885  0.0000  42.1445  18986    619   757223690
 d500-06  500  10  1800.0003  1750.6014    1.2921   53.5446  0.0000  41.6108  19006    587   518879508
 d500-06  500  10  1800.0003  1125.7019    0.2805   54.3930  0.0000  42.3431  19087    615   513492905
 d500-06  500  10  1800.0003   498.9211    0.9000   50.8686  0.0000  42.0287  19098    575  3955183140
 d500-06  500  10  1800.0003  1064.8407    1.6999   50.1304  0.0000  41.3881  18967    589  2763007207
 d500-06  500  10  1800.0003   736.6212    2.1962   58.0645  0.0000  41.9143  19057    618  2492292977
 d500-06  500  10  1800.0003   855.5084    3.6485   58.0645  0.0000  42.1445  19001    614  1977359515
 d500-06  500  10  1800.0003  1788.6676    1.6033   60.9521  0.0000  41.9029  19067    605  1233943441
 d500-06  500  10  1800.0003   206.6526    0.5288   55.7164  0.0000  42.0287  19030    598  2923938094
 d500-07  500  10  1800.0007   884.3597    3.7092   49.2388  0.0000  40.9285  21192   4611   244647364
 d500-07  500  10  1800.0004   476.9448    2.1158   54.6974  0.0000  40.6993  21206   4789   515606951
 d500-07  500  10  1800.0004   310.2316    1.7766   51.5089  0.0000  40.7164  21159   4544  3225530033
 d500-07  500  10  1800.0004   245.0452    3.8409   54.3838  0.0000  41.1471  21134   4591  1548866927
 d500-07  500  10  1800.0004   611.9329    2.8019   60.3173  0.0000  40.7901  21168   4678   178074878
 d500-07  500  10  1800.0003  1101.3820    1.6991   58.0012  0.0000  40.6993  21104   4514   723724559
 d500-07  500  10  1800.0004   181.9694    4.1739   54.0102  0.0000  40.9285  21235   4757  2856004083
 d500-07  500  10  1800.0004   441.8719    0.5311   58.9201  0.0000  40.6878  21146   4702   937966511
 d500-07  500  10  1800.0004   779.8993    0.7175   69.5524  0.0000  40.6993  21021   4521  1677097308
 d500-07  500  10  1800.0004  1523.5588    1.2878   67.5574  0.0000  40.6993  21105   4668  1528412867
 d500-08  500  10  1800.0004  1391.9548    1.7395   62.6804  0.0000  39.3235  22671   6484    97767766
 d500-08  500  10  1800.0004   274.4313    3.5321   56.4519  0.0000  39.8568  22703   6543  3583738872
 d500-08  500  10  1800.0004    28.7367    4.1998   47.8527  0.0000  39.3235  22621   6360  3587540584
 d500-08  500  10  1800.0004   206.0152    4.7817   58.8970  0.0000  39.8568  22647   6467  3585904016
 d500-08  500  10  1800.0004  1183.0222    2.4051   49.4760  0.0000  40.1471  22444   6316  1096732516
 d500-08  500  10  1800.0004   597.9802    3.9889   49.8519  0.0000  39.8568  22562   6352   825638700
 d500-08  500  10  1800.0004  1105.5083    1.5811   55.4920  0.0000  39.4047  22617   6457  1580108663
 d500-08  500  10  1800.0004   119.0917    1.1463   51.0890  0.0000  39.8568  22480   6334  1823043439
 d500-08  500  10  1800.0004   525.4453    1.1803   63.5428  0.0000  39.8568  22559   6423  1774033220
 d500-08  500  10  1800.0004   755.2171    3.2076   60.9427  0.0000  39.9706  22538   6386  1093823163
 d500-09  500  10  1800.0005  1367.9086    1.0631   47.3194  0.0000  39.2968  22944   6621   525458455
 d500-09  500  10  1800.0004   570.1310    1.2825   53.1286  0.0000  39.2968  23089   6626  2438971002
 d500-09  500  10  1800.0004  1265.8171    1.2317   48.1940  0.0000  39.2968  22857   6602  1108346386
 d500-09  500  10  1800.0005   158.3543    1.1964   69.6981  0.0000  39.8825  23008   6708  2390678846
 d500-09  500  10  1800.0004    92.8101    1.3029   57.1493  0.0000  39.6192  22868   6606  3304003841
 d500-09  500  10  1800.0004    18.8065    2.0746   53.9530  0.0000  39.5455  23031   6687  1872997352
 d500-09  500  10  1800.0004  1288.6971    0.7305   54.2056  0.0000  39.2968  23003   6638  1147448759
 d500-09  500  10  1800.0004  1211.3424    1.4696   65.7509  0.0000  39.5455  22912   6532  2888811669
 d500-09  500  10  1800.0004   578.4699    1.9704   56.6853  0.0000  39.7902  22880   6595  2976707316
 d500-09  500  10  1800.0004  1550.9490    1.6575   65.7509  0.0000  39.5455  22863   6541  2673091930
 d500-10  500  10  1800.0003   517.2226    2.2920   58.6976  0.0000  40.6817  19765   2414  2163476738
 d500-10  500  10  1800.0003  1557.7162    3.7622   55.6280  0.0000  40.6253  19713   2367  1377121023
 d500-10  500  10  1800.0004  1448.6683    3.0724   71.5535  0.0000  40.9030  19830   2460  1040120545
 d500-10  500  10  1800.0005   158.0502    2.8852   59.0155  0.0000  41.3936  19715   2345  4208402494
 d500-10  500  10  1800.0003    81.8405    1.1957   54.5480  0.0000  40.7494  19779   2310  3885031486
 d500-10  500  10  1800.0003   641.5975    2.8334   67.0100  0.0000  39.3476  19779   2409  4072683071
 d500-10  500  10  1800.0003   621.2261    1.5365   68.7343  0.0000  41.0144  19729   2404    48850706
 d500-10  500  10  1800.0004  1487.9266    0.8629   67.2605  0.0000  40.6817  19733   2422   138393256
 d500-10  500  10  1800.0003   632.6876    1.5294   49.8512  0.0000  41.0144  19756   2462  2806486655
 d500-10  500  10  1800.0003   944.0266    4.4186   57.5604  0.0000  41.0144  19784   2352  2806924949
 d500-11  500  10  1800.0005   202.7062    0.3725   52.6721  0.0000  39.3943  26461  11835  2894341143
 d500-11  500  10  1800.0006   168.1139    1.6930   58.4893  0.0000  39.3943  26409  11902  2740872898
 d500-11  500  10  1800.0005    14.4220    0.3136   52.6721  0.0000  39.3943  26220  11609  2818370185
 d500-11  500  10  1800.0005  1574.7159    2.2565   63.8337  0.0000  39.3943  26386  11722  2106187800
 d500-11  500  10  1800.0006   148.1682    1.3208   58.4893  0.0000  39.3943  26277  11772  2483974305
 d500-11  500  10  1800.0006   669.7198    1.1858   49.7323  0.0000  39.3943  26350  11714  2528160044
 d500-11  500  10  1800.0006    84.4385    1.8418   54.8927  0.0000  39.3943  26407  11979  1066468586
 d500-11  500  10  1800.0005   185.5245    1.0651   47.9572  0.0000  39.3943  26348  11771   150476847
 d500-11  500  10  1800.0005   570.7125    2.6706   51.8023  0.0000  39.3943  26296  11689  3214209044
 d500-11  500  10  1800.0005   266.3622    1.1575   54.8532  0.0000  39.3943  26396  11750   340771642
 d500-12  500  10  1800.0005    84.6969    2.7944   69.3561  0.0000  40.1831  26301  13223   757533366
 d500-12  500  10  1800.0005    84.6890    3.1068   58.2701  0.0000  40.1831  26278  13433  1660067558
 d500-12  500  10  1800.0006   169.4221    2.5719   78.3413  0.0000  40.1831  26686  13752  2833492319
 d500-12  500  10  1800.0005    10.6415    2.6483   56.5569  0.0000  40.1831  26429  13284   326394044
 d500-12  500  10  1800.0005  1525.6038    1.5547   54.0261  0.0000  40.1150  26456  13391   370382231
 d500-12  500  10  1800.0005    35.3503    2.1434   54.9579  0.0000  40.1831  26551  13517  1466961969
 d500-12  500  10  1800.0005   242.5478    2.6982   53.4289  0.0000  40.1831  26465  13425  2658433794
 d500-12  500  10  1800.0005     6.7951    4.1752   56.1293  0.0000  40.1831  26580  13620  4001439006
 d500-12  500  10  1800.0005    87.4181    3.9291   56.4361  0.0000  40.1831  26664  13573  3457534896
 d500-12  500  10  1800.0005    80.4133    1.7070   48.2362  0.0000  40.1831  26498  13431  4099380415
 d500-13  500  10  1800.0006    57.6186    1.2304   58.7531  0.0000  39.4251  26795  12273  1691880143
 d500-13  500  10  1800.0006   996.9639    1.5003   42.2690  0.0000  39.3958  26940  12465  4156752442
 d500-13  500  10  1800.0005  1058.9874    1.6068   52.0317  0.0000  39.3759  26885  12319   175043457
 d500-13  500  10  1800.0005   553.5924    0.4189   61.6178  0.0000  39.3958  26934  12303  1301265725
 d500-13  500  10  1800.0006    18.0198    0.2892   55.8300  0.0000  39.3958  26942  12431   490083613
 d500-13  500  10  1800.0005   624.5799    0.1610   49.8870  0.0000  39.3958  27016  12514  2842226042
 d500-13  500  10  1800.0005   476.5262    0.7164   45.2846  0.0000  39.3958  27023  12533  1672988211
 d500-13  500  10  1800.0005  1359.7281    1.5749   57.9073  0.0000  39.3958  26839  12442  3008608471
 d500-13  500  10  1800.0007   205.2979    1.6969   49.3736  0.0000  39.3958  27000  12425  2002420317
 d500-13  500  10  1800.0005    49.7394    2.0382   46.7820  0.0000  39.4251  26901  12331  4179854993
 d500-14  500  10  1800.0004   671.6477    1.6162   59.2488  0.0000  40.9054  22334   4562  2743750254
 d500-14  500  10  1800.0004   851.5259    1.6263   56.1784  0.0000  40.9054  22323   4480  1063100326
 d500-14  500  10  1800.0004  1442.9014    2.7440   61.4115  0.0000  40.9054  22443   4467  1337116948
 d500-14  500  10  1800.0003   987.4716    0.5609   61.2520  0.0000  40.9054  22306   4504   797807658
 d500-14  500  10  1800.0004   500.1904    3.3563   50.0665  0.0000  40.9054  22290   4527  3893883484
 d500-14  500  10  1800.0004   846.5059    1.9972   63.3723  0.0000  40.9054  22481   4504  3757203582
 d500-14  500  10  1800.0016  1058.2067    1.1863   48.5807  0.0000  40.6811  22456   4548  3341677479
 d500-14  500  10  1800.0004   701.3230    2.8444   58.8268  0.0000  40.9054  22437   4477  3459100123
 d500-14  500  10  1800.0004  1634.0098    2.2109   74.0993  0.0000  40.9054  22388   4586  3017225658
 d500-14  500  10  1800.0004   772.7171    1.2236   59.9181  0.0000  40.9054  22466   4525  2843842777
 d500-15  500  10  1800.0005  1007.6917    2.4543   53.8708  0.0000  40.8708  22748   8088  1464592522
 d500-15  500  10  1800.0006  1405.9131    2.3246   55.6902  0.0000  40.9846  22527   7753  4132586545
 d500-15  500  10  1800.0005  1621.1694    1.6398   57.6744  0.0000  41.2530  22590   7899  1885049357
 d500-15  500  10  1800.0006  1156.8447    1.7298   54.1442  0.0000  40.9846  22742   7958  4291501630
 d500-15  500  10  1800.0005   698.8075    2.1098   52.1932  0.0000  40.9563  22701   7839  1223941289
 d500-15  500  10  1800.0004   129.6402    5.8890   69.2639  0.0000  41.0109  22538   7719  3935231348
 d500-15  500  10  1800.0004  1733.8597    2.6317   50.2239  0.0000  40.9630  22716   7980  2482262138
 d500-15  500  10  1800.0004    73.4656    0.4716   55.6201  0.0000  41.4461  22640   7863  1243915287
 d500-15  500  10  1800.0004  1752.6741    2.6008   54.0148  0.0000  40.8708  22673   7801  3268893081
 d500-15  500  10  1800.0005  1257.8916    1.6984   52.1932  0.0000  40.9846  22703   7849    59460723
 d500-16  500  10  1800.0004   262.0365    0.9672   55.9905  0.0000  39.5678  22297   3273   851715990
 d500-16  500  10  1800.0004   338.0647    1.1198   50.9764  0.0000  40.0378  22259   3256  1818813054
 d500-16  500  10  1800.0004   681.8916    0.4901   64.6502  0.0000  39.5678  22360   3243  1823329806
 d500-16  500  10  1800.0004  1076.3836    0.6765   54.1607  0.0000  39.8465  22294   3235  1573795766
 d500-16  500  10  1800.0003   901.9708    2.0695   56.4664  0.0000  39.5678  22305   3190  3278059534
 d500-16  500  10  1800.0004  1505.9714    1.2782   66.2755  0.0000  39.5678  22370   3285  1279659485
 d500-16  500  10  1800.0003    77.9185    2.8193   54.5910  0.0000  39.5678  22455   3335  2008980154
 d500-16  500  10  1800.0004   829.4892    1.3305   45.7288  0.0000  40.0378  22229   3301  1437375809
 d500-16  500  10  1800.0004   394.3580    0.6362   50.1948  0.0000  40.1427  22475   3304  3820101973
 d500-16  500  10  1800.0004  1170.1047    1.1198   50.9764  0.0000  40.0378  22211   3217  3756930307
 d500-17  500  10  1800.0003   880.4195    1.8604   57.8952  0.0000  40.1655  19673   1691  1057376472
 d500-17  500  10  1800.0003   116.6805    0.5084   56.8726  0.0000  40.2283  19540   1662  1171978108
 d500-17  500  10  1800.0003  1775.5445    2.7020   48.9724  0.0000  40.7160  19593   1755  3922979277
 d500-17  500  10  1800.0003  1116.2992    2.6256   90.9431  0.0000  40.7183  19488   1671  3078628941
 d500-17  500  10  1800.0004  1046.9739    1.8886   54.2217  0.0000  40.4507  19614   1742  2067657290
 d500-17  500  10  1800.0003   613.1978    0.8575   73.7143  0.0000  40.1655  19517   1706  3192951404
 d500-17  500  10  1800.0003   627.5766    1.1633   61.3026  0.0000  40.2449  19644   1681   540221923
 d500-17  500  10  1800.0003  1370.2608    1.4341   57.2090  0.0000  40.2283  19613   1750  4234033633
 d500-17  500  10  1800.0003   679.0896    1.1720   69.1898  0.0000  40.7541  19622   1703  3528944844
 d500-17  500  10  1800.0003  1292.9950    2.1779   59.1392  0.0000  40.7541  19510   1655   978577747
 d500-18  500  10  1800.0003   194.2406    1.0287   65.9553  0.0000  41.3138  22385   4214  1119601711
 d500-18  500  10  1800.0004  1383.1341    3.5991   64.0434  0.0000  41.0045  22428   4314   240817587
 d500-18  500  10  1800.0004   889.4316    1.8289   64.0434  0.0000  41.0964  22489   4308   586423810
 d500-18  500  10  1800.0004    18.3935    3.7686   50.4533  0.0000  41.3039  22344   4229   687820314
 d500-18  500  10  1800.0003   622.2463    1.3343   62.1340  0.0000  41.0559  22422   4249  3390619680
 d500-18  500  10  1800.0004   159.3790    3.4541   54.3852  0.0000  41.0092  22465   4310  2183466849
 d500-18  500  10  1800.0004   679.6118    1.4557   55.7176  0.0000  41.0092  22555   4298  1251081807
 d500-18  500  10  1800.0004   106.4192    2.2489   64.7660  0.0000  41.3138  22445   4245   641205591
 d500-18  500  10  1800.0004   661.7891    1.8546   52.3805  0.0000  41.0092  22420   4253  3419606508
 d500-18  500  10  1800.0004  1242.0973    1.8425   62.1340  0.0000  41.0609  22410   4259  1676342505
 d500-19  500  10  1800.0004   502.9078    1.0135   49.7399  0.0000  39.5794  23277   5428  3650673959
 d500-19  500  10  1800.0004   339.9301    1.6077   49.3225  0.0000  39.9246  23307   5485   586631276
 d500-19  500  10  1800.0004  1710.2775    1.2993   48.9774  0.0000  39.6725  23424   5527  1281819528
 d500-19  500  10  1800.0004  1195.8691    2.4512   47.4849  0.0000  39.9246  23290   5460  3345728370
 d500-19  500  10  1800.0004  1594.7732    3.1483   64.2893  0.0000  39.3417  23364   5497  1956440693
 d500-19  500  10  1800.0004   159.5032    3.9654   53.4456  0.0000  39.7192  23265   5506  1096712450
 d500-19  500  10  1800.0004   371.2823    0.9898   48.6005  0.0000  40.0016  23365   5454  1116596802
 d500-19  500  10  1800.0003  1055.7206    1.2292   65.1047  0.0000  39.6725  23438   5479  2836817218
 d500-19  500  10  1800.0004  1035.0402    1.0887   48.9774  0.0000  39.3417  23476   5506  4011296873
 d500-19  500  10  1800.0004    53.2012    3.7764   50.5566  0.0000  39.6725  23256   5433  1424790276
 d500-20  500  10  1800.0004   154.4994    3.0945   59.0351  0.0000  39.3834  23535   7132  1305750470
 d500-20  500  10  1800.0018    20.2797    0.8953   47.2615  0.0000  39.3834  23615   7177    33291107
 d500-20  500  10  1800.0005   263.8252    1.1332   46.3042  0.0000  39.3834  23620   7187  1740472929
 d500-20  500  10  1800.0005   195.1249    4.0516   51.4635  0.0000  39.3834  23526   7063  4253744516
 d500-20  500  10  1800.0004   133.4502    0.3827   53.6891  0.0000  39.3834  23669   7251  4059511123
 d500-20  500  10  1800.0005   478.2188    0.7000   51.9431  0.0000  39.3834  23508   7172    96762046
 d500-20  500  10  1800.0004    37.2968    1.7826   51.4532  0.0000  39.3834  23473   7205  4101761831
 d500-20  500  10  1800.0004   195.9540    1.1948   49.4690  0.0000  39.3834  23549   7255  3978914240
 d500-20  500  10  1800.0005    93.7695    2.0844   46.8214  0.0000  39.3834  23550   7158  3720158226
 d500-20  500  10  1800.0004   264.5192    0.3073   51.9431  0.0000  39.3834  23537   7165  3567808675