instance    n   k       time        ttb  cons_bal  cons_cmp     bal       cmp    repl    feas        seed
DT500-01  500  10  1800.0029     2.2167    0.4203  275.6838  0.0000  198.1079  104199  104198  2707059789
DT500-01  500  10  1800.0025     7.9039    0.7891  262.2058  0.0000  198.1079  103900  103898  1022104378
DT500-01  500  10  1800.0014     6.2977    2.1702  241.3843  0.0000  198.1079  103899  103898  2287902959
DT500-01  500  10  1800.0013    21.3626    0.6973  265.9864  0.0000  198.1079  103401  103398  3093016714
DT500-01  500  10  1800.0014     0.6421    1.0161  312.8969  0.0000  198.1079  103701  103700  1577180790
DT500-01  500  10  1800.0016    10.0070    2.1092  236.4176  0.0000  198.1079  103504  103502  2547659725
DT500-01  500  10  1800.0013     0.5582    1.2897  248.6861  0.0000  198.1079  104237  104235  2926106961
DT500-01  500  10  1800.0013    18.4300    2.7836  287.5291  0.0000  198.1079  103038  103038   577650121
DT500-01  500  10  1800.0013    12.1778    0.6252  241.3843  0.0000  198.1079  103352  103350   266996819
DT500-01  500  10  1800.0014     2.6515    0.9216  343.4469  0.0000  198.1079  104628  104626  3103846904
DT500-02  500  10  1800.0015    52.0843    2.3734  246.4219  0.0000  195.1772  114227  114223   870226527
DT500-02  500  10  1800.0014    76.0459    1.6788  253.6553  0.0000  195.1772  114125  114122  1953197094
DT500-02  500  10  1800.0015     8.9499    2.8977  297.2814  0.0000  195.1772  113913  113906  1363479636
DT500-02  500  10  1800.0014    39.0530    1.7499  243.9064  0.0000  195.1772  113792  113791  2347568953
DT500-02  500  10  1800.0014    43.0151    2.1097  263.2996  0.0000  195.1772  113112  113111  3443789389
DT500-02  500  10  1800.0014    36.4858    3.5829  303.5383  0.0000  195.1772  115058  115054  2009753838
DT500-02  500  10  1800.0015    10.7543    1.9419  260.1080  0.0000  195.1772  115258  115254  1111795478
DT500-02  500  10  1800.0016   139.5614    1.7642  270.0411  0.0000  195.1772  114709  114707  1739836246
DT500-02  500  10  1800.0031    78.9444    1.4263  251.4060  0.0000  195.1772  114390  114385  1221016499
DT500-02  500  10  1800.0014     5.0472    2.4285  264.3123  0.0000  195.1772  114731  114728   793344547
DT500-03  500  10  1800.0009     6.4534    2.0072  330.1408  0.0000  194.7464   66762   66760  1959698821
DT500-03  500  10  1800.0009     9.8384    0.8887  226.7354  0.0000  194.7464   67031   67029  2251127675
DT500-03  500  10  1800.0009     8.9428    0.6489  309.9037  0.0000  194.7464   67021   67018  1263396464
DT500-03  500  10  1800.0008    10.5095    0.5764  246.3814  0.0000  194.7464   66718   66713  1273746078
DT500-03  500  10  1800.0019     3.0661    0.3633  290.3922  0.0000  194.7464   66912   66910  2980412290
DT500-03  500  10  1800.0009     6.5187    1.6594  283.2632  0.0000  194.7464   66987   66984    18625908
DT500-03  500  10  1800.0009     4.5843    0.0924  285.1419  0.0000  194.7464   67200   67197  1057074950
DT500-03  500  10  1800.0009    10.8510    1.0136  229.7640  0.0000  194.7464   67190   67186  1991633166
DT500-03  500  10  1800.0009     9.5791    3.1083  274.8741  0.0000  194.7464   66942   66939  1457138298
DT500-03  500  10  1800.0013    11.1474    1.1474  323.9258  0.0000  194.7464   67638   67632  2281444174
DT500-04  500  10  1800.0015    12.0901    0.6523  246.2089  0.0000  194.0335   96974   96963   568890380
DT500-04  500  10  1800.0022     2.4066    2.1327  273.3714  0.0000  194.0335   96894   96878  2617027968
DT500-04  500  10  1800.0013     0.9354    0.6729  246.2089  0.0000  194.0335   95782   95774  3088832978
DT500-04  500  10  1800.0015     6.7245    2.7196  318.5824  0.0000  194.0335   96887   96877  3108278737
DT500-04  500  10  1800.0012     8.8933    2.5445  246.2089  0.0000  194.0335   96393   96379  3388046274
DT500-04  500  10  1800.0030     2.2285    0.5049  227.4415  0.0000  194.0335   97304   97296   751980260
DT500-04  500  10  1800.0023     1.0266    0.4790  226.5160  0.0000  194.0335   96893   96879  2465267030
DT500-04  500  10  1800.0013    11.0420    2.6748  248.0283  0.0000  194.0335   96566   96559  1816859498
DT500-04  500  10  1800.0012     2.9768    0.2702  279.3984  0.0000  194.0335   97469   97460   546793487
DT500-04  500  10  1800.0012     2.8411    2.3219  266.0464  0.0000  194.0335   96643   96628  1491830890
DT500-05  500  10  1800.0013     5.3127    1.6761  241.3551  0.0000  196.2896   74777   74775    44206303
DT500-05  500  10  1800.0010    27.8770    1.9063  316.8564  0.0000  196.2896   73634   73629  2803632208
DT500-05  500  10  1800.0009     1.7969    3.3352  252.7698  0.0000  196.2896   74330   74327  1069168620
DT500-05  500  10  1800.0009    36.9534    1.7998  272.1235  0.0000  196.2896   74565   74559   125940899
DT500-05  500  10  1800.0010     4.7866    3.1438  317.8384  0.0000  196.2896   73766   73764  1763159474
DT500-05  500  10  1800.0010    37.2801    3.1252  283.8662  0.0000  196.2896   74531   74528  3729332698
DT500-05  500  10  1800.0009    17.6246    1.9017  368.0233  0.0000  196.2896   73627   73623  4210596825
DT500-05  500  10  1800.0009    35.8674    0.9489  292.6302  0.0000  196.2896   74140   74133  2835501049
DT500-05  500  10  1800.0010    11.2313    2.2708  300.9705  0.0000  196.2896   73931   73927  2847421815
DT500-05  500  10  1800.0010    11.9663    1.1805  253.7795  0.0000  196.2896   73735   73727   253246465
DT500-06  500  10  1800.0010     3.8249    4.3234  303.6210  0.0000  195.3202   78298   78298   142939030
DT500-06  500  10  1800.0027     0.0189    0.1856  287.0909  0.0000  195.3202   78700   78696  2255036714
DT500-06  500  10  1800.0010    66.6777    2.8037  314.8027  0.0000  195.3202   77879   77876  2585206400
DT500-06  500  10  1800.0011    22.6614    2.3986  250.5798  0.0000  195.3202   78095   78089  1952899954
DT500-06  500  10  1800.0009    30.5973    2.9189  257.0863  0.0000  195.3202   78421   78418  3503357025
DT500-06  500  10  1800.0010    71.7474    4.2651  238.0571  0.0000  195.3202   78597   78593  3846806505
DT500-06  500  10  1800.0010    73.9891    4.5353  276.5781  0.0000  195.3202   78421   78418   581031131
DT500-06  500  10  1800.0010    38.4871    3.3664  254.3173  0.0000  195.3202   78629   78626  3771386116
DT500-06  500  10  1800.0011     2.7295    3.0954  224.1550  0.0000  195.3202   77694   77692  4038897391
DT500-06  500  10  1800.0011    14.7136    2.1724  256.8658  0.0000  195.3202   78716   78712  3010009650
DT500-07  500  10  1800.0019    24.4409    2.7461  261.7983  0.0000  193.3789  147605  147602  3617345616
DT500-07  500  10  1800.0020    13.0204    3.1472  262.2257  0.0000  193.3789  147652  147650  2687045567
DT500-07  500  10  1800.0019     6.1100    1.0470  265.2385  0.0000  193.3789  148375  148371  1880121872
DT500-07  500  10  1800.0019    20.7802    3.9591  248.4631  0.0000  193.3789  147690  147686   955377101
DT500-07  500  10  1800.0037    32.9470    1.0004  216.4351  0.0000  193.3789  148731  148731  3072231167
DT500-07  500  10  1800.0030    49.8673    2.3425  286.0165  0.0000  193.3789  148567  148564  4070012301
DT500-07  500  10  1800.0020     8.7901    1.2013  253.4420  0.0000  193.3789  147797  147794  1314506878
DT500-07  500  10  1800.0017     2.6100    1.6601  251.5784  0.0000  193.3789  148481  148479  3221195973
DT500-07  500  10  1800.0020    48.9142    3.0655  406.5420  0.0000  193.3789  148234  148231  2870995932
DT500-07  500  10  1800.0030     1.9121    3.3785  274.4988  0.0000  193.3789  148321  148321  3079221265
DT500-08  500  10  1800.0013     6.4194    0.8619  373.8357  0.0000  194.5730  107893  107892  3924244382
DT500-08  500  10  1800.0013    56.8713    3.7973  262.4706  0.0000  194.5730  107197  107195  2969351346
DT500-08  500  10  1800.0014     3.5982    3.3112  221.7363  0.0000  194.5730  107908  107905   497945942
DT500-08  500  10  1800.0017     9.2672    5.3956  278.6553  0.0000  194.5730  107618  107616  4277680486
DT500-08  500  10  1800.0021    38.1421    2.1953  236.3789  0.0000  194.5730  108056  108054  2803735457
DT500-08  500  10  1800.0013     4.4788    2.0401  319.1203  0.0000  194.5730  107739  107737  3739912139
DT500-08  500  10  1800.0014    11.2255    5.2826  302.9074  0.0000  194.5730  107843  107843  2639370008
DT500-08  500  10  1800.0026    25.6060    3.6759  322.0561  0.0000  194.5730  107838  107836   686194771
DT500-08  500  10  1800.0013    17.4061    4.3931  256.7904  0.0000  194.5730  108213  108212  2591148090
DT500-08  500  10  1800.0013    14.2943    4.8326  371.3683  0.0000  194.5730  107745  107744  2026346149
DT500-09  500  10  1800.0013     0.4931    2.0837  226.7608  0.0000  193.2010   97499   97492  1085232327
DT500-09  500  10  1800.0013    17.7647    3.5349  226.0715  0.0000  193.2010   97505   97502   680454309
DT500-09  500  10  1800.0012     0.7701    1.8159  261.9508  0.0000  193.2010   97614   97613  3535050490
DT500-09  500  10  1800.0015     2.9139    1.3140  239.1565  0.0000  193.2010   98273   98268  1718044256
DT500-09  500  10  1800.0012    10.6126    2.1668  267.8499  0.0000  193.2010   97356   97355  4213350037
DT500-09  500  10  1800.0013     2.2625    2.5437  272.8445  0.0000  193.2010   98223   98222    51289450
DT500-09  500  10  1800.0013     4.8722    4.4287  249.5727  0.0000  193.2010   97206   97202  1944824068
DT500-09  500  10  1800.0013     4.1772    0.6074  280.8431  0.0000  193.2010   97095   97092  1200192073
DT500-09  500  10  1800.0019     3.8051    0.4788  240.2591  0.0000  193.2010   97477   97471  3119741449
DT500-09  500  10  1800.0013     0.3251    0.8825  240.2591  0.0000  193.2010   97269   97264  1744933258
DT500-10  500  10  1800.0018    83.9564    2.3478  391.7948  0.0000  192.7962  144982  144975  3686852425
DT500-10  500  10  1800.0023    14.1654    1.3105  252.5295  0.0000  192.7962  144495  144495   278320847
DT500-10  500  10  1800.0019    15.6347    0.3780  314.8035  0.0000  192.7962  145572  145568  3748423436
DT500-10  500  10  1800.0019     2.6069    0.1402  260.1693  0.0000  192.7962  144380  144377  2804552746
DT500-10  500  10  1800.0018    34.8589    3.9431  256.9445  0.0000  192.7962  145219  145217  2940958801
DT500-10  500  10  1800.0017    41.4923    2.9335  275.7188  0.0000  192.7962  143458  143455   461631347
DT500-10  500  10  1800.0034     4.4968    3.7912  317.1241  0.0000  192.7962  144725  144719  1396317094
DT500-10  500  10  1800.0019    46.2009    1.4744  301.4509  0.0000  192.7962  144465  144461   484021589
DT500-10  500  10  1800.0019    94.0382    1.5691  314.8035  0.0000  192.7962  144733  144732  3367397987
DT500-10  500  10  1800.0035    27.7300    1.1243  314.8035  0.0000  192.7962  143562  143556   304995436
DT500-11  500  10  1800.0010    92.5327    1.8575  314.2137  0.0000  194.5860   78573   78572  2793396204
DT500-11  500  10  1800.0012    41.2266    2.5494  254.7002  0.0000  194.5860   78576   78576   938468473
DT500-11  500  10  1800.0010    99.9421    2.8448  246.9306  0.0000  194.5860   79099   79097   693747931
DT500-11  500  10  1800.0009    74.1077    1.6064  265.9793  0.0000  194.5860   78649   78647  3444337338
DT500-11  500  10  1800.0011     1.5234    0.7145  220.8864  0.0000  194.5860   78687   78685  1536731126
DT500-11  500  10  1800.0010   176.1235    1.5557  224.3556  0.0000  194.5860   78615   78614  2881281014
DT500-11  500  10  1800.0010    55.4910    0.0000  245.1509  0.0000  194.5860   78824   78823  2322229716
DT500-11  500  10  1800.0017    24.0795    0.0000  347.1795  0.0000  194.5860   78840   78837  3329834559
DT500-11  500  10  1800.0011    33.7704    3.8437  254.7002  0.0000  194.5860   79270   79267  3789972895
DT500-11  500  10  1800.0010   205.6484    0.8742  227.2572  0.0000  194.5860   79342   79340  2316192823
DT500-12  500  10  1800.0014    10.5779    0.9834  261.0887  0.0000  194.6975  109546  109545   224705737
DT500-12  500  10  1800.0013    56.1671    1.6617  263.1500  0.0000  194.6975  109444  109443  2033402504
DT500-12  500  10  1800.0014     8.0390    0.2059  255.3203  0.0000  194.6975  108716  108714  3338598480
DT500-12  500  10  1800.0014    56.1983    1.5856  236.9847  0.0000  194.6975  109150  109148  2713236531
DT500-12  500  10  1800.0014     3.3383    1.0256  236.7011  0.0000  194.6975  109721  109719  2807808837
DT500-12  500  10  1800.0015    25.9892    1.4691  242.9497  0.0000  194.6975  108500  108496   405148777
DT500-12  500  10  1800.0014    89.2373    0.5337  295.5711  0.0000  194.6975  109668  109666   520427649
DT500-12  500  10  1800.0014    28.1573    1.4084  255.5607  0.0000  194.6975  108893  108892   482640886
DT500-12  500  10  1800.0026    14.7680    0.9075  336.9136  0.0000  194.6975  110047  110046  4086171261
DT500-12  500  10  1800.0015     2.2351    0.1717  306.7593  0.0000  194.6975  109813  109811   263495703
DT500-13  500  10  1800.0013     1.6138    1.1113  240.5066  0.0000  194.2293   90386   90383  4253532305
DT500-13  500  10  1800.0027    23.3509    3.1032  294.7416  0.0000  194.2293   90582   90574  1305352515
DT500-13  500  10  1800.0020     9.0081    4.1064  235.1446  0.0000  194.2293   90448   90443  3902461155
DT500-13  500  10  1800.0012   104.4866    1.1285  250.4924  0.0000  194.2293   90341   90332  2554996976
DT500-13  500  10  1800.0013    35.3871    1.3817  257.2783  0.0000  194.2293   90379   90376   814576537
DT500-13  500  10  1800.0012    12.9995    0.8100  264.2698  0.0000  194.2293   90001   89991  3786330777
DT500-13  500  10  1800.0012   137.0867    1.3817  257.2783  0.0000  194.2293   90121   90118  4184729091
DT500-13  500  10  1800.0012    12.2472    2.2461  275.3310  0.0000  194.2293   89454   89448  2319519435
DT500-13  500  10  1800.0012    12.2064    1.7990  265.9189  0.0000  194.2293   90147   90140  3743435713
DT500-13  500  10  1800.0013    46.9809    1.8044  265.0057  0.0000  194.2293   90507   90503  2801022748
DT500-14  500  10  1800.0011     3.2563    0.4323  348.2255  0.0000  193.2102   90635   90630  1059467157
DT500-14  500  10  1800.0012     5.0538    0.9303  251.2034  0.0000  193.2102   91619   91615  1037050144
DT500-14  500  10  1800.0012     8.9145    0.3900  303.5117  0.0000  193.2102   90369   90367   146373303
DT500-14  500  10  1800.0018     8.8562    1.3105  286.6566  0.0000  193.2102   92079   92077  2472381223
DT500-14  500  10  1800.0026     1.0360    1.0518  245.2736  0.0000  193.2102   91293   91283   241036542
DT500-14  500  10  1800.0011     8.2213    0.0158  262.3858  0.0000  193.2102   91197   91193  2923635561
DT500-14  500  10  1800.0013     9.1122    2.8402  282.0380  0.0000  193.2102   91378   91371  4140450789
DT500-14  500  10  1800.0013     5.5153    0.9211  260.5731  0.0000  193.2102   91099   91096   962038796
DT500-14  500  10  1800.0011     7.8064    1.8853  283.2478  0.0000  193.2102   91190   91189  3011331534
DT500-14  500  10  1800.0011     1.0862    1.8820  228.2319  0.0000  193.2102   90994   90992  3792355176
DT500-15  500  10  1800.0037     5.5112    0.2198  229.7668  0.0000  189.1196  147176  147172  1240407454
DT500-15  500  10  1800.0035     1.4119    1.2088  304.9456  0.0000  189.1196  146570  146567  1565727942
DT500-15  500  10  1800.0019    10.9981    1.4331  304.3745  0.0000  189.1196  146787  146783  3578956525
DT500-15  500  10  1800.0020     0.7083    1.4610  280.1364  0.0000  189.1196  146940  146935  3864044316
DT500-15  500  10  1800.0019     0.3277    1.1757  254.7561  0.0000  189.1196  146369  146367  3657934619
DT500-15  500  10  1800.0019     5.9840    0.9927  254.7561  0.0000  189.1196  146577  146574  3699500877
DT500-15  500  10  1800.0029     2.3892    1.2803  288.0018  0.0000  189.1196  147366  147360  2567266486
DT500-15  500  10  1800.0022     7.2368    3.4829  265.5025  0.0000  189.1196  147226  147223  1607583765
DT500-15  500  10  1800.0019     4.5387    0.2313  320.0446  0.0000  189.1196  146485  146481  1652695843
DT500-15  500  10  1800.0024    10.9434    1.6780  266.0974  0.0000  189.1196  147552  147545   321399608
DT500-16  500  10  1800.0012    68.2258    2.1779  275.2044  0.0000  199.2495   92057   92052   772156681
DT500-16  500  10  1800.0013    70.8580    1.6167  223.4432  0.0000  199.2495   93022   93019  3253493337
DT500-16  500  10  1800.0012    41.8845    1.2296  346.7958  0.0000  199.2495   92680   92676  3973611935
DT500-16  500  10  1800.0014   475.2866    1.5629  243.0462  0.0000  199.2495   92959   92955  1671602784
DT500-16  500  10  1800.0012   195.4536    0.2034  242.5621  0.0000  199.2495   92256   92252  3632640703
DT500-16  500  10  1800.0013   106.7969    1.2896  243.0462  0.0000  199.2495   92155   92153  1037921290
DT500-16  500  10  1800.0012    35.6603    1.4007  270.2310  0.0000  199.2495   92235   92231   309390874
DT500-16  500  10  1800.0012    49.1122    0.5952  243.0462  0.0000  199.2495   93067   93063  1840933414
DT500-16  500  10  1800.0012    57.6543    1.8485  238.6795  0.0000  199.2495   92495   92491  1238487938
DT500-16  500  10  1800.0012    45.8923    1.1057  262.5110  0.0000  199.2495   93231   93226  1424944847
DT500-17  500  10  1800.0011  1684.3678    1.6140  288.2307  0.0000  198.7618   79469   79465    53466974
DT500-17  500  10  1800.0013   716.2580    1.6413  257.6641  0.0000  198.7618   79420   79416  1013684581
DT500-17  500  10  1800.0011   762.8887    1.2165  259.8061  0.0000  199.2085   79024   79020  3913696139
DT500-17  500  10  1800.0010    39.7823    3.3652  306.6806  0.0000  201.0224   79329   79322  2361861953
DT500-17  500  10  1800.0021  1410.9479    2.6487  295.9857  0.0000  198.3809   80027   80025    88471988
DT500-17  500  10  1800.0011   922.8622    4.1016  324.3732  0.0000  198.7618   79345   79338  2287772025
DT500-17  500  10  1800.0010   944.0815    3.8143  323.9941  0.0000  198.7618   79056   79051  2968636650
DT500-17  500  10  1800.0009   684.4627    1.5393  285.7718  0.0000  198.7372   78966   78959  2325892216
DT500-17  500  10  1800.0016   462.5640    3.0324  306.6806  0.0000  198.5864   79334   79331  2378059379
DT500-17  500  10  1800.0011  1388.7389    0.2378  306.9064  0.0000  198.7372   79918   79912  1451270021
DT500-18  500  10  1800.0013   152.5035    1.0686  342.3764  0.0000  195.6326   81030   81027   126541619
DT500-18  500  10  1800.0012   396.8363    2.8245  285.2454  0.0000  195.6326   81038   81036   404042059
DT500-18  500  10  1800.0011   126.7012    1.7067  257.3631  0.0000  195.6326   80399   80398  1123040926
DT500-18  500  10  1800.0011    47.7337    3.1652  301.5377  0.0000  196.0076   80291   80290  3026404524
DT500-18  500  10  1800.0011   143.1372    6.1872  367.1025  0.0000  195.6326   80616   80614  2322668555
DT500-18  500  10  1800.0011   304.3035    3.9632  295.9541  0.0000  195.6326   80549   80549  2217497875
DT500-18  500  10  1800.0010   771.3290    4.3035  307.7429  0.0000  195.0054   81094   81094  1738355830
DT500-18  500  10  1800.0011   520.6779    4.8800  438.6622  0.0000  195.6326   80807   80805  3217268667
DT500-18  500  10  1800.0010  1353.1860    2.5852  277.7460  0.0000  195.0054   80784   80784   885311623
DT500-18  500  10  1800.0011  1326.1327    0.4994  232.4491  0.0000  195.0054   81207   81206  3093376615
DT500-19  500  10  1800.0012    58.0065    2.3628  249.0538  0.0000  195.1820   96493   96488  1582335314
DT500-19  500  10  1800.0012   305.3380    1.2711  302.3442  0.0000  195.1820   96504   96500  2376242344
DT500-19  500  10  1800.0012   142.3961    1.9507  264.2864  0.0000  195.1820   96134   96128  1013148276
DT500-19  500  10  1800.0012    31.9694    4.6731  269.4954  0.0000  195.1820   96100   96094  4230859126
DT500-19  500  10  1800.0013    64.4003    2.5042  240.4450  0.0000  195.1820   96592   96585  1537679106
DT500-19  500  10  1800.0025   786.1129    0.7579  266.7253  0.0000  195.1820   96714   96710  3850819811
DT500-19  500  10  1800.0015    84.6445    3.4443  300.2002  0.0000  195.1820   95608   95604  4252946238
DT500-19  500  10  1800.0012   619.0442    1.8781  261.3433  0.0000  195.1820   96590   96580   529371034
DT500-19  500  10  1800.0031   551.1231    2.3852  235.6253  0.0000  195.1820   96195   96191   696904796
DT500-19  500  10  1800.0013    11.0268    1.3202  249.0538  0.0000  195.1820   97425   97416   980455198
DT500-20  500  10  1800.0012     0.1647    4.8315  269.1697  0.0000  195.8034   92885   92881  2108457247
DT500-20  500  10  1800.0011   252.0677    2.2042  236.3217  0.0000  195.8034   91899   91897  3658349652
DT500-20  500  10  1800.0012    10.0727    2.4124  269.4132  0.0000  195.8034   92423   92418  3331252639
DT500-20  500  10  1800.0012    29.9018    2.3310  254.5995  0.0000  195.8034   92082   92080  1123826872
DT500-20  500  10  1800.0012    40.7335    2.4302  290.6766  0.0000  195.8034   91964   91955  3647720136
DT500-20  500  10  1800.0012   220.9584    3.2800  284.6290  0.0000  195.8034   92550   92547   472275171
DT500-20  500  10  1800.0012   110.7411    2.3848  245.8417  0.0000  195.8034   91536   91531   899500758
DT500-20  500  10  1800.0012    20.4731    3.2682  311.5114  0.0000  195.8034   92664   92659  3413463946
DT500-20  500  10  1800.0011   315.9947    2.0639  327.3330  0.0000  195.8034   92171   92164  1453056227
DT500-20  500  10  1800.0011   165.9374    2.2723  254.6938  0.0000  195.8034   91847   91842  2954603262