              instance      n    k       time        ttb  cons_bal   cons_cmp  bal       cmp   repl   feas        seed
    del-n1000-k5-s2292   1000    5  1800.0005   204.7905    0.4325  1032.9043    0  614.9066  25554  25517   209994673
    del-n1000-k5-s2292   1000    5  1800.0022  1644.0926     0.181  1022.7052    0  612.8642  25762  25728   521017394
    del-n1000-k5-s2292   1000    5  1800.0005    39.4708    0.4346  1032.9043    0  613.5288  25364  25335    21565072
    del-n1000-k5-s2292   1000    5  1800.0005   875.9547    0.4165   1011.828    0  614.9066  25394  25358  1035501669
    del-n1000-k5-s2292   1000    5  1800.0004   256.5445    0.3721   1011.828    0  614.9066  25536  25495  2231473345
    del-n1000-k5-s2292   1000    5  1800.0004  1080.1137     0.425  1090.4598    0  613.5288  25846  25804  3207465762
    del-n1000-k5-s2292   1000    5  1800.0003  1660.9295    0.3721   1011.828    0  614.9066  25457  25423  2461509077
    del-n1000-k5-s2292   1000    5  1800.0005    83.9066    0.4165   1011.828    0  614.9066  25538  25509   921414296
    del-n1000-k5-s2292   1000    5  1800.0005  1526.9314    0.3721   1011.828    0  614.9066  25604  25568  1115142311
    del-n1000-k5-s2292   1000    5  1800.0005   445.5169    0.3721   1011.828    0  614.9066  25625  25582  1084687620
   del-n1000-k5-s33335   1000    5  1800.0005     2.4458     0.179   770.0947    0  610.6529  20301  19993  3219806183
   del-n1000-k5-s33335   1000    5  1800.0003     4.0248    0.7625  1065.9641    0  610.6529  20115  19760  2416480335
   del-n1000-k5-s33335   1000    5  1800.0004     6.5381     0.048   718.7607    0  610.6529  20292  19955  1227957545
   del-n1000-k5-s33335   1000    5  1800.0065     1.1075     0.627   799.0005    0  610.6529  20207  19884  1201360613
   del-n1000-k5-s33335   1000    5  1800.0005     0.5495    0.0298  1048.2092    0  610.6529  20149  19808  2139443833
   del-n1000-k5-s33335   1000    5  1800.0005     0.4704    0.0344   832.7487    0  610.6529  20038  19691  3588118768
   del-n1000-k5-s33335   1000    5  1800.0004     1.9379    0.0181  1076.3336    0  610.6529  19876  19538  2051269095
   del-n1000-k5-s33335   1000    5  1800.0003     2.8056    0.0326    775.818    0  610.6529  20039  19683  2630280429
   del-n1000-k5-s33335   1000    5  1800.0005     1.5428    0.0459   832.7487    0  610.6529  20195  19884  2228578061
   del-n1000-k5-s33335   1000    5  1800.0004     0.4868    0.7046  1020.3858    0  610.6529  20219  19884  4073684502
   del-n1000-k5-s54458   1000    5  1800.0004  1622.7761    0.0171   823.1705    0  607.5036  24328  24211  3387273313
   del-n1000-k5-s54458   1000    5  1800.0004  1600.1672    0.2107    830.024    0  609.6225  24104  23996  2198874990
   del-n1000-k5-s54458   1000    5  1800.0004  1686.1782    0.0108  1041.7405    0  610.4066  24422  24284  1612757380
   del-n1000-k5-s54458   1000    5  1800.0003  1636.3878    0.2156   855.0039    0  609.6225  24017  23915  2409509924
   del-n1000-k5-s54458   1000    5  1800.0004   605.0094    0.0835   778.7002    0  607.5036  24369  24240  2116636691
   del-n1000-k5-s54458   1000    5  1800.0005   798.3454    0.0171   823.1705    0  607.5036  24222  24109  2165891584
   del-n1000-k5-s54458   1000    5  1800.0004    19.4532    0.0232   766.2389    0  611.0428  24119  24015  3099736667
   del-n1000-k5-s54458   1000    5  1800.0067    76.0372    0.0171   823.1705    0  607.5036  24050  23915  1271920938
   del-n1000-k5-s54458   1000    5  1800.0003  1139.7633    0.1627   1102.547    0   609.517  23955  23833  1665169504
   del-n1000-k5-s54458   1000    5  1800.0004   148.3008    0.0276   845.8832    0  607.5036  24347  24220    96287693
   del-n1000-k5-s59721   1000    5  1800.0006     0.6709         0   844.4033    0  610.6518  27922  27828  2211802436
   del-n1000-k5-s59721   1000    5  1800.0005     0.7953    0.0312   722.6979    0  610.6518  27543  27461  3326960081
   del-n1000-k5-s59721   1000    5  1800.0005     0.5447         0   728.7131    0  610.6518  27722  27637   244736516
   del-n1000-k5-s59721   1000    5  1800.0004     0.2378    0.0074   994.6033    0  610.6518  27814  27720  1225116831
   del-n1000-k5-s59721   1000    5  1800.0005     1.1989         0   825.8621    0  610.6518  27841  27764   142711528
   del-n1000-k5-s59721   1000    5  1800.0004     0.3816    0.3738   989.5291    0  610.6518  27741  27656  1595504021
   del-n1000-k5-s59721   1000    5  1800.0004     0.2399         0   844.4033    0  610.6518  27999  27913  1165814949
   del-n1000-k5-s59721   1000    5  1800.0005     1.3448         0   825.8621    0  610.6518  27870  27794  3055845763
   del-n1000-k5-s59721   1000    5  1800.0042      2.265    0.0744  1020.5607    0  610.6518  27655  27587  1573272022
   del-n1000-k5-s59721   1000    5  1800.0008     1.3171    0.0079   698.4456    0  610.6518  28019  27957  1795377397
  del-n1000-k10-s20090   1000   10  1800.0005   142.9189    0.3465   617.0037    0  405.7915  20223  18065    79090796
  del-n1000-k10-s20090   1000   10  1800.0037    45.5312    2.1973   718.1372    0  405.7915  20529  18325   695063720
  del-n1000-k10-s20090   1000   10  1800.0005   649.6318    1.9044   750.3075    0  405.7915  20484  18307   624424130
  del-n1000-k10-s20090   1000   10  1800.0005  1312.7664    1.3339   705.0627    0  405.7915  20350  18213  1307085318
  del-n1000-k10-s20090   1000   10  1800.0004   1212.728    0.7313   691.0736    0  405.7915  20391  18243  2496071558
  del-n1000-k10-s20090   1000   10  1800.0034   367.9693    2.4859   756.6304    0  405.7915  20467  18348   858266855
  del-n1000-k10-s20090   1000   10  1800.0004    62.4631     2.184    685.044    0  405.7915  20184  17986   412103736
  del-n1000-k10-s20090   1000   10  1800.0003    69.3067    0.5946   585.5651    0  405.7915  20402  18241   993414408
  del-n1000-k10-s20090   1000   10  1800.0004   313.0553    2.0349    685.044    0  405.7915  20399  18166  3530977668
  del-n1000-k10-s20090   1000   10  1800.0038  1678.1022    2.5557   591.6109    0  405.7915  20521  18403  3566723088
  del-n1000-k10-s21163   1000   10  1800.0005    54.0859    1.0901   767.5245    0   402.351  22098  20894   131041322
  del-n1000-k10-s21163   1000   10  1800.0005    52.9377    0.4056   525.7571    0   402.351  22587  21338    51036932
  del-n1000-k10-s21163   1000   10  1800.0004   455.6467    0.4862   646.9136    0   402.351  22062  20871  1006154724
  del-n1000-k10-s21163   1000   10  1800.0003    84.9605    0.7822   525.7571    0   402.351  22495  21298  1710096656
  del-n1000-k10-s21163   1000   10  1800.0005     131.67    0.2801   552.2163    0   402.351  22256  20978    88903356
  del-n1000-k10-s21163   1000   10  1800.0005   258.5074    1.1142     586.44    0   402.351  22291  21027  1591591054
  del-n1000-k10-s21163   1000   10  1800.0005   208.6594    0.2566    611.526    0   402.351  22626  21426  2065241567
  del-n1000-k10-s21163   1000   10  1800.0004    79.4022    0.5927    496.797    0   402.351  22507  21272  3191477787
  del-n1000-k10-s21163   1000   10  1800.0005   222.8544    0.5189   619.3262    0   402.351  22521  21318   369374963
  del-n1000-k10-s21163   1000   10  1800.0004    19.3773    0.5652   570.5015    0   402.351  22559  21371  2338642772
   del-n1000-k10-s8083   1000   10  1800.0005     55.508    0.5245   760.3478    0  404.8553  26619  25415  1518954800
   del-n1000-k10-s8083   1000   10  1800.0006   116.8642    1.0522      479.4    0  404.8553  26650  25486  3202618981
   del-n1000-k10-s8083   1000   10  1800.0004    34.7469    0.5459   645.2909    0  404.8553  26712  25506  4062906972
   del-n1000-k10-s8083   1000   10  1800.0005    75.0998    0.1879    626.942    0  404.8553  26653  25396  3547296219
   del-n1000-k10-s8083   1000   10  1800.0005    76.9221    0.5443   649.2119    0  404.8553  26370  25192   109900046
   del-n1000-k10-s8083   1000   10  1800.0005     51.187    1.1061   579.7164    0  404.8553  26946  25801  3467019656
   del-n1000-k10-s8083   1000   10  1800.0045     2.5953    1.0159   522.0392    0  404.8553  26618  25390  2212653052
   del-n1000-k10-s8083   1000   10  1800.0004     17.449    0.3402   589.7376    0  404.8553  26538  25275   560860100
   del-n1000-k10-s8083   1000   10  1800.0005    33.7569    0.3027   655.5054    0  404.8553  26893  25653   866466525
   del-n1000-k10-s8083   1000   10  1800.0005     8.3674    1.2704   607.9879    0  404.8553  26300  25085   131147226
   del-n1000-k10-s8165   1000   10  1800.0004  1025.0012    0.5975   687.2704    0  402.4459  13920   9048   815686126
   del-n1000-k10-s8165   1000   10  1800.0004   884.4107    2.1435   699.6066    0  402.4459  13676   8782   507274204
   del-n1000-k10-s8165   1000   10  1800.0003    229.214    0.8307   1002.481    0  404.8761  13722   8810  3214001100
   del-n1000-k10-s8165   1000   10  1800.0004   243.5185    0.3504   736.0544    0  402.9598  13588   8673  2227626872
   del-n1000-k10-s8165   1000   10  1800.0004   808.3425    0.2331   721.6324    0  402.9598  13601   8698  2792186676
   del-n1000-k10-s8165   1000   10  1800.0004   139.2563    3.0934    953.202    0  402.4459  13569   8678  3749208455
   del-n1000-k10-s8165   1000   10  1800.0004     57.456    0.5311   769.7207    0  403.4401  13703   8763  2034434132
   del-n1000-k10-s8165   1000   10  1800.0004  1055.2091    0.2514    973.362    0  402.4459  13645   8708  2393202887
   del-n1000-k10-s8165   1000   10  1800.0004  1613.1955    0.7622   571.2973    0  402.4459  13678   8764  2561694541
   del-n1000-k10-s8165   1000   10  1800.0003  1042.7326    0.5956   745.5348    0  402.9598  13631   8704   653387622
   del-n1000-k16-s3985   1000   16  1800.0003  1693.1355    1.9606   525.2803    0  319.3664  10540   4544  3621286085
   del-n1000-k16-s3985   1000   16  1800.0003   395.3682    2.8253   555.5186    0  326.0776  10517   4533  1246808756
   del-n1000-k16-s3985   1000   16  1800.0003   118.5891    2.9844  1001.2883    0   324.765  10560   4624  3396199263
   del-n1000-k16-s3985   1000   16  1800.0006  1757.5622    2.4091   678.9546    0  322.4511  10481   4519  4104821785
   del-n1000-k16-s3985   1000   16  1800.0003   387.4339     2.768   803.8374    0  321.2886  10519   4514  1185019655
   del-n1000-k16-s3985   1000   16  1800.0003  1083.9699    4.0005   458.9256    0  327.4356  10481   4538   668113085
   del-n1000-k16-s3985   1000   16  1800.0005    74.9557    1.2198   553.8916    0  320.3644  10458   4511  3129980873
   del-n1000-k16-s3985   1000   16  1800.0004   361.1168    1.6132   533.0446    0   321.267  10560   4449  3125676343
   del-n1000-k16-s3985   1000   16  1800.0004    397.497    2.7672   571.2547    0  322.7334  10456   4474  2146249951
   del-n1000-k16-s3985   1000   16  1800.0003  1297.0006    2.5587   647.0303    0  319.9894  10482   4492  2495857141
  del-n1000-k16-s51680   1000   16  1800.0004   112.1288    2.2619   547.2409    0   319.262  12167   7102  3638837725
  del-n1000-k16-s51680   1000   16  1800.0018  1160.2076    0.6258   571.8669    0  316.5633  12093   7142  2602549637
  del-n1000-k16-s51680   1000   16  1800.0005   1675.482    2.0645   791.4912    0  315.5233  12125   7033  2187050043
  del-n1000-k16-s51680   1000   16  1800.0002   688.9334    2.6422   561.7353    0  318.6412  12174   7129  4186980345
  del-n1000-k16-s51680   1000   16  1800.0003   116.6296    1.7912  1007.2651    0  316.2721  12043   6993  2429385828
  del-n1000-k16-s51680   1000   16  1800.0003  1262.7613    6.0075    565.029    0  313.7231  12090   7056  1395890989
  del-n1000-k16-s51680   1000   16  1800.0004    41.9516    1.9926   613.9319    0  317.5745  12102   7050   817647909
  del-n1000-k16-s51680   1000   16  1800.0004  1369.7619    1.9581  1001.7895    0   321.204  12121   7055   486450744
  del-n1000-k16-s51680   1000   16  1800.0003   360.5736    5.2563   576.5351    0  315.0407  11955   7019  3601540619
  del-n1000-k16-s51680   1000   16   1800.004  1722.4331    2.9988   823.3543    0  317.5866  12235   7202  1320230183
  del-n1000-k16-s61071   1000   16  1800.0003    57.4629    3.2301   722.7091    0  338.2708  10186   3370   108252523
  del-n1000-k16-s61071   1000   16  1800.0002   1683.396     3.285    959.861    0  338.3567  10136   3398  3092646101
  del-n1000-k16-s61071   1000   16  1800.0003   790.1478    3.6298   721.5494    0  338.7818  10171   3374   642676709
  del-n1000-k16-s61071   1000   16  1800.0004   604.1795    3.2566   633.9059    0  336.7169  10179   3538  1148273044
  del-n1000-k16-s61071   1000   16  1800.0004  1729.7558    2.3085   649.9887    0  338.7305  10189   3439   251114089
  del-n1000-k16-s61071   1000   16  1800.0004   739.5917    2.6651   602.3361    0    337.17  10145   3493  3666576175
  del-n1000-k16-s61071   1000   16  1800.0002  1265.4622    0.9866   442.1647    0  339.2321  10146   3423   797082150
  del-n1000-k16-s61071   1000   16  1800.0003  1725.9053    2.4663     737.16    0   337.649  10155   3398  2436465154
  del-n1000-k16-s61071   1000   16  1800.0004   650.8675    3.0468   997.6416    0  335.9552  10115   3344  3593832820
  del-n1000-k16-s61071   1000   16  1800.0003  1418.4058    2.3382   707.9905    0  338.8661  10165   3432  2721856661
    del-n1000-k16-s801   1000   16  1800.0002   1534.416    2.9086   468.8733    0  335.2467  10383   3384  1306537746
    del-n1000-k16-s801   1000   16  1800.0002    763.532     0.785   572.0943    0  343.0313  10385   3397   428764673
    del-n1000-k16-s801   1000   16  1800.0004   1288.162    1.1583   628.3911    0  347.4627  10438   3366  2646915918
    del-n1000-k16-s801   1000   16  1800.0004  1158.1511    3.6919   615.5524    0   341.028  10377   3410  2770727457
    del-n1000-k16-s801   1000   16  1800.0004   915.6113    3.7535   653.7063    0  337.6248  10281   3228  2590511354
    del-n1000-k16-s801   1000   16  1800.0003   351.8355    5.8369   614.2749    0  340.6395  10357   3300  3695176023
    del-n1000-k16-s801   1000   16  1800.0004   581.3076    3.2707   662.1754    0  342.0352  10394   3383  3408357915
    del-n1000-k16-s801   1000   16  1800.0003   727.6671    2.8579   676.5615    0   337.704  10356   3314  1509667406
    del-n1000-k16-s801   1000   16  1800.0003  1198.9721    1.7196   718.6063    0  345.2172  10386   3339  3725213585
    del-n1000-k16-s801   1000   16  1800.0002   195.8684    0.8156   519.0972    0  353.9775  10364   3358  2052204614
  del-n2500-k12-s12455   2500   12  1800.0137   674.3837    0.8331   595.9196    0  377.1048  15767  15724  1468338190
  del-n2500-k12-s12455   2500   12  1800.0004   513.0058    0.7847     494.37    0  378.3852  15336  15304   654076360
  del-n2500-k12-s12455   2500   12  1800.0007   194.4057    1.3885   741.2033    0  378.3852  15512  15473   489119777
  del-n2500-k12-s12455   2500   12  1800.0006   205.4449    1.7513   609.8852    0  377.9037  15310  15275  2280516686
  del-n2500-k12-s12455   2500   12  1800.0003  1212.4804    1.8332   492.5826    0  377.1048  15596  15567  2727260894
  del-n2500-k12-s12455   2500   12  1800.0004   343.5584    0.9282   596.7114    0  374.2157  15466  15432  3351271984
  del-n2500-k12-s12455   2500   12  1800.0006  1605.7319    1.7772   543.1857    0  374.2157  15522  15491  3741741485
  del-n2500-k12-s12455   2500   12  1800.0004    107.569    1.5109   571.3869    0  377.1048  15608  15570  1637594452
  del-n2500-k12-s12455   2500   12  1800.0038   709.8987    0.9891   604.0101    0  374.2157  15549  15514  2877233975
  del-n2500-k12-s12455   2500   12  1800.0005   234.7322     0.228    600.724    0  374.2157  15169  15137  1223702397
  del-n2500-k12-s21271   2500   12  1800.0004   1235.033    1.2018   589.5504    0  375.0995  11341  11089  1470198873
  del-n2500-k12-s21271   2500   12  1800.0004   935.9252    1.4111   1007.357    0  372.0313  11382  11122   221916840
  del-n2500-k12-s21271   2500   12  1800.0003  1002.4824    0.2411   708.4868    0  373.3486  11320  11072  3397987460
  del-n2500-k12-s21271   2500   12  1800.0004   320.5214    1.8446   657.2836    0  372.0313  11452  11198  1829411465
  del-n2500-k12-s21271   2500   12  1800.0003  1046.7418    2.3276   564.2011    0  372.0313  11392  11151  2581992395
  del-n2500-k12-s21271   2500   12  1800.0005  1055.4069    1.3439   547.6694    0  373.3486  11456  11223  2219454234
  del-n2500-k12-s21271   2500   12  1800.0078   611.7974    1.2849   590.9678    0  372.0313  11601  11372  1029733990
  del-n2500-k12-s21271   2500   12  1800.0005    42.9767    0.5625    549.035    0  374.4242  11458  11195   302765532
  del-n2500-k12-s21271   2500   12  1800.0087    160.204     0.967   625.2296    0  373.8768  11549  11338  3916433161
  del-n2500-k12-s21271   2500   12  1800.0005   923.4771    0.3701   511.2925    0  375.5448  11712  11486  4237442739
  del-n2500-k12-s48959   2500   12  1800.0006   466.0023    1.5702   647.9154    0  379.1671  14932  14793  1103168081
  del-n2500-k12-s48959   2500   12  1800.0051   268.0469     2.657   678.2431    0  378.5469  15305  15139  2395392178
  del-n2500-k12-s48959   2500   12  1800.0154  1194.7199     1.179   519.7729    0  377.1248  14882  14724  3028353019
  del-n2500-k12-s48959   2500   12  1800.0036  1136.5173    1.0781     670.73    0  377.0083  15289  15137  4046005744
  del-n2500-k12-s48959   2500   12  1800.0004  1300.0439    0.5872   525.2578    0  377.8655  14899  14748  2417589619
  del-n2500-k12-s48959   2500   12  1800.0005  1495.9469    0.9757   553.5716    0  378.0968  15110  14947  2780263565
  del-n2500-k12-s48959   2500   12  1800.0006  1769.9673     0.241   698.4019    0   375.902  15033  14874  3084251180
  del-n2500-k12-s48959   2500   12  1800.0004  1082.0199    0.6474   618.0209    0    378.73  15213  15056  2317071273
  del-n2500-k12-s48959   2500   12  1800.0006  1398.7329    0.0657   670.0644    0    378.73  14914  14761  3063630901
  del-n2500-k12-s48959   2500   12  1800.0004   267.7056    1.8314   521.1456    0  377.0083  14972  14803  1047664105
  del-n2500-k12-s57389   2500   12  1800.0004   559.1261    1.2953   641.6459    0  376.3724  10528  10291  2634968212
  del-n2500-k12-s57389   2500   12  1800.0209   461.3465    0.1253   619.9226    0  377.7099  10310  10048  1441066089
  del-n2500-k12-s57389   2500   12  1800.0005  1775.9491    0.4747   579.0736    0  377.2125  10466  10227  3434363156
  del-n2500-k12-s57389   2500   12  1800.0154   127.3468    3.4248   800.3097    0  377.8107  10258  10014  3850230154
  del-n2500-k12-s57389   2500   12  1800.0005  1751.6227    3.5629   842.6873    0  377.0175  10373  10111  2242379524
  del-n2500-k12-s57389   2500   12  1800.0002   270.1021     0.802   502.6122    0  377.7099  10275  10040  1156600921
  del-n2500-k12-s57389   2500   12  1800.0004   119.5673    2.9424   576.6149    0  376.3724  10271  10041   223938159
  del-n2500-k12-s57389   2500   12  1800.0004  1336.4409    1.8817   509.1469    0  376.3724  10301  10072  1336545144
  del-n2500-k12-s57389   2500   12  1800.0005  1441.2001    0.8179   508.1907    0  376.8745  10343  10112  3180698280
  del-n2500-k12-s57389   2500   12  1800.0011  1684.8306    1.1109   573.2485    0  377.4113  10245  10002  3802357707
  del-n2500-k25-s15827   2500   25  1800.0006    31.2943    3.2225   509.9899    0  259.4625  13943  12142  3462987367
  del-n2500-k25-s15827   2500   25  1800.0006  1799.1483      2.35   472.2547    0  260.5189  13682  11875  4222177474
  del-n2500-k25-s15827   2500   25  1800.0005    157.534    5.9264   508.8091    0  261.2362  13689  11882  3665818790
  del-n2500-k25-s15827   2500   25  1800.0006  1040.9278    2.5258   423.7403    0  260.8259  13392  11606  3857498011
  del-n2500-k25-s15827   2500   25  1800.0006  1295.9416    5.0569   434.9434    0  261.0703  13516  11654  3299770691
  del-n2500-k25-s15827   2500   25   1800.013  1658.5307     1.309   470.6727    0  260.3402  13718  11964   750703066
  del-n2500-k25-s15827   2500   25  1800.0007   214.3523     2.701   445.8086    0  260.7889  13733  11918  1674739474
  del-n2500-k25-s15827   2500   25  1800.0006  1446.1402    3.3401    799.872    0  260.2817  13848  12041  3382720364
  del-n2500-k25-s15827   2500   25  1800.0006   674.0696    2.4385   478.6807    0  260.0296  14074  12257  3209952841
  del-n2500-k25-s15827   2500   25  1800.0004   266.9004     2.386   418.0691    0  256.9923  13696  11927  3972865143
  del-n2500-k25-s25485   2500   25  1800.0004  1218.9859    2.2304   556.1223    0  254.1557   8914   6800  4098547054
  del-n2500-k25-s25485   2500   25  1800.0124   225.5317    2.7204   530.9135    0   252.863   8954   6787    97432811
  del-n2500-k25-s25485   2500   25  1800.0036  1183.2511    1.0157   434.3153    0  254.8649   9009   6912  3604370018
  del-n2500-k25-s25485   2500   25  1800.0005  1616.2112    2.4168    623.592    0   255.727   8930   6745  3799912295
  del-n2500-k25-s25485   2500   25  1800.0006   712.9293    2.4233   404.1589    0  253.1131   8925   6764  1339748599
  del-n2500-k25-s25485   2500   25  1800.0005    52.4493    4.1655   490.2118    0  255.4154   9092   6936  2715257057
  del-n2500-k25-s25485   2500   25  1800.0004  1358.3356    3.1001   510.5046    0  252.8676   9008   6852  1924598253
  del-n2500-k25-s25485   2500   25  1800.0002   268.0674    1.4709   691.3815    0  255.2622   8917   6736  2946383855
  del-n2500-k25-s25485   2500   25  1800.0005   876.5733    3.0729   599.2104    0  255.1605   8766   6563   785274529
  del-n2500-k25-s25485   2500   25  1800.0002    501.987    2.6248   672.1805    0  252.9022   8698   6608  4032416281
  del-n2500-k25-s36465   2500   25  1800.0002   970.0639     2.191    468.665    0  256.3772   9254   6426  3463912041
  del-n2500-k25-s36465   2500   25  1800.0006    992.401    6.0114   451.3961    0  262.2277   9200   6363  1551136927
  del-n2500-k25-s36465   2500   25  1800.0006  1104.8445    3.1739   595.4076    0   253.633   9247   6479  1014811290
  del-n2500-k25-s36465   2500   25  1800.0002    563.905    3.9142   522.3654    0  262.2519   9072   6212  2024884445
  del-n2500-k25-s36465   2500   25  1800.0005   238.1192    2.7361   417.1847    0  262.1187   9153   6377   494123217
  del-n2500-k25-s36465   2500   25  1800.0006  1588.1662    5.0433   414.1249    0  257.2791   9153   6322  3544481348
  del-n2500-k25-s36465   2500   25  1800.0006   151.2655     4.709   461.5292    0  262.4309   8873   6027  1793522674
  del-n2500-k25-s36465   2500   25  1800.0003    94.7939    2.2962   471.2575    0  261.1605   8949   6163   936962888
  del-n2500-k25-s36465   2500   25  1800.0002   446.3397    2.2746   420.0642    0    254.64   9016   6104  2937893886
  del-n2500-k25-s36465   2500   25  1800.0009  1554.9274    4.7703   648.2262    0  258.5877   9192   6260   514668241
  del-n2500-k25-s42468   2500   25  1800.0158   195.3325    1.0358   483.0132    0  256.3388   8933   6523   711190660
  del-n2500-k25-s42468   2500   25  1800.0005   404.9043    2.6764   819.9672    0  257.6271   8995   6575  1416438894
  del-n2500-k25-s42468   2500   25  1800.0056   989.7739    6.6783   427.6631    0  257.9895   8760   6419  1787965396
  del-n2500-k25-s42468   2500   25  1800.0002     49.054    1.8343   423.2259    0   257.377   8926   6556   733431557
  del-n2500-k25-s42468   2500   25  1800.0004   665.6812    1.0192   456.0143    0  256.2125   8867   6486  3163089003
  del-n2500-k25-s42468   2500   25  1800.0006    841.613    4.3634   502.5574    0  256.7757   8931   6530  2341172360
  del-n2500-k25-s42468   2500   25  1800.0005  1449.3999    3.2576   407.0432    0  255.4962   8800   6408  3752254811
  del-n2500-k25-s42468   2500   25  1800.0005    79.3851    3.2664   614.8246    0  257.9895   9009   6596  3286014391
  del-n2500-k25-s42468   2500   25  1800.0005  1165.9718    4.2955   636.9073    0  256.2063   8851   6444  3699932762
  del-n2500-k25-s42468   2500   25  1800.0006   152.2233    3.3826    515.273    0  257.4335   9038   6684  1500514562
  del-n2500-k40-s25162   2500   40  1800.0005  1215.5105    6.1829   458.2954    0  284.7537   4762     37  1154634806
  del-n2500-k40-s25162   2500   40  1800.0006   696.3772    9.6228   524.0541    0   291.752   4840     49   662474427
  del-n2500-k40-s25162   2500   40  1800.0004  1373.1078     7.038   350.7676    0  251.7659   4769     45  2443028827
  del-n2500-k40-s25162   2500   40  1800.0103   245.9519   12.8983   393.9695    0  289.9575   4710     51  3735558828
  del-n2500-k40-s25162   2500   40  1800.0005   907.9874    9.8189   532.9195    0  316.5164   4800     53  1450298407
  del-n2500-k40-s25162   2500   40  1800.0005  1626.7939    7.1096   524.0541    0  238.8737   4751     45  3467533538
  del-n2500-k40-s25162   2500   40  1800.0005   307.4108    6.8895   741.2569    0  295.0062   4736     48  3625117071
  del-n2500-k40-s25162   2500   40  1800.0006   940.7775     6.046   515.8554    0  268.8315   4751     34  1348254791
  del-n2500-k40-s25162   2500   40  1800.0008   135.5953    8.0122   345.0509    0  292.4454   4774     41  2902461986
  del-n2500-k40-s25162   2500   40  1800.0005    1449.21    7.0043   521.1347    0  265.6859   4756     48  2877302497
  del-n2500-k40-s32424   2500   40  1800.0005   875.2506    5.5552   386.3479    0  211.0443   6981   1692  1564058816
  del-n2500-k40-s32424   2500   40  1800.0012  1064.5643    2.9978   542.9978    0  206.3549   7001   1678  2406260709
  del-n2500-k40-s32424   2500   40  1800.0005  1589.3051    5.3567   350.8081    0   213.548   6988   1662  2544929929
  del-n2500-k40-s32424   2500   40  1800.0005   389.8915    4.7151   584.6534    0  211.2767   6999   1611   765475514
  del-n2500-k40-s32424   2500   40  1800.0006  1339.9479     7.312   439.4103    0  217.4469   7058   1733  4254697958
  del-n2500-k40-s32424   2500   40  1800.0005  1426.5838    7.3733   522.7961    0  212.1548   7072   1710  2672840682
  del-n2500-k40-s32424   2500   40  1800.0005   884.8326    4.1623   388.7224    0  209.6181   7080   1733  2398229014
  del-n2500-k40-s32424   2500   40  1800.0006  1519.7234     9.771   383.4122    0  212.5472   7038   1713  4253436062
  del-n2500-k40-s32424   2500   40  1800.0006   263.9877    6.6144   568.4844    0  215.9947   7002   1627  2087846767
  del-n2500-k40-s32424   2500   40  1800.0005   876.0324    6.3707   732.4222    0  208.5948   7036   1719  3239799655
  del-n2500-k40-s37470   2500   40  1800.0005   259.6189    8.1895    530.474    0  218.8006   5727    823  3224712191
  del-n2500-k40-s37470   2500   40  1800.0005  1176.9517   12.3708   407.6252    0  223.6821   5793    822  1876617362
  del-n2500-k40-s37470   2500   40  1800.0005    36.4553    9.2391   473.0248    0  215.0723   5822    864   512240890
  del-n2500-k40-s37470   2500   40  1800.0006   623.5273   10.0106   476.9404    0  226.9541   5819    853  4133862848
  del-n2500-k40-s37470   2500   40  1800.0006   476.8603    5.4938   432.0694    0  224.7727   5786    846  3434401445
  del-n2500-k40-s37470   2500   40  1800.0006   730.5454    7.1464   550.9961    0  222.4534   5801    874  1710307169
  del-n2500-k40-s37470   2500   40  1800.0006     9.7588    9.3481   579.4705    0  228.4753   5853    839  3267373205
  del-n2500-k40-s37470   2500   40  1800.0005  1490.8967   14.5026   377.1197    0  217.6608   5884    901  2908305370
  del-n2500-k40-s37470   2500   40  1800.0006    16.7192   11.2476   429.5531    0   220.958   5802    854  2935630531
  del-n2500-k40-s37470   2500   40  1800.0002   384.0519   11.5286   429.0671    0  220.3085   5848    945  2054133691
  del-n2500-k40-s43853   2500   40  1800.0006  1317.2133    9.8589   395.2722    0  206.8328   7576   2875    81972740
  del-n2500-k40-s43853   2500   40  1800.0131  1128.5227    3.7901   407.4183    0  214.0381   7599   2843   912477385
  del-n2500-k40-s43853   2500   40  1800.0002  1487.0767    4.4906   350.8342    0   209.461   7525   2810  2492257416
  del-n2500-k40-s43853   2500   40  1800.0006   295.7682    5.9456   359.4486    0  211.5156   7494   2738   532038396
  del-n2500-k40-s43853   2500   40  1800.0006    82.9392    5.7596   361.1122    0  211.3297   7422   2712  1249974727
  del-n2500-k40-s43853   2500   40  1800.0006   204.2216    8.4414   388.8549    0  211.1722   7581   2840  2688176770
  del-n2500-k40-s43853   2500   40  1800.0006  1229.2352    4.9046   572.1558    0  204.8912   7480   2714  1669427350
  del-n2500-k40-s43853   2500   40  1800.0058  1035.2802    8.3897   350.3571    0  214.0867   7517   2775  2299459565
  del-n2500-k40-s43853   2500   40  1800.0002  1311.6208   11.9538   327.5748    0  211.0024   7415   2775  1370159167
  del-n2500-k40-s43853   2500   40  1800.0003    569.644   15.4457   624.3061    0  211.2986   7397   2679  4253675869
  del-n5000-k25-s17706   5000   25  1800.0259  1644.8666    0.5432   642.4672    0  259.1074   6994   6488  2943813573
  del-n5000-k25-s17706   5000   25  1800.0006    27.0925    5.0122   499.9201    0  264.2168   6919   6426  2941680376
  del-n5000-k25-s17706   5000   25  1800.0008   558.2729    0.9044   605.8748    0  261.6049   7095   6618  1192599342
  del-n5000-k25-s17706   5000   25  1800.0006  1019.1358    1.9662   429.1872    0  260.4122   6961   6493  1104486987
  del-n5000-k25-s17706   5000   25  1800.0043   959.5696     0.624   422.1907    0  258.6416   7059   6588  4062131516
  del-n5000-k25-s17706   5000   25  1800.0007  1271.8122    2.0653   528.6565    0  256.8434   6912   6419   847542963
  del-n5000-k25-s17706   5000   25  1800.0006    33.9149    2.9421   382.4292    0  258.7724   6919   6385   960360584
  del-n5000-k25-s17706   5000   25  1800.0009  1029.7895    0.8925   578.8571    0  264.8155   6899   6405  2475075355
  del-n5000-k25-s17706   5000   25  1800.0006   880.8235    3.8923   491.2552    0  257.2259   6953   6482  4154887892
  del-n5000-k25-s17706   5000   25  1800.0006  1056.3725    4.3707   499.3656    0  255.9489   6861   6344   335581019
  del-n5000-k25-s33654   5000   25  1800.0007  1312.0903    1.3322     377.74    0  266.5193   8529   8363  4014955973
  del-n5000-k25-s33654   5000   25  1800.0007  1713.9668    1.9038   452.7029    0  262.6118   8497   8343   394946162
  del-n5000-k25-s33654   5000   25  1800.0007  1499.2943    2.2793   450.9936    0  262.8411   8609   8474  2792247342
  del-n5000-k25-s33654   5000   25  1800.0409   284.0264     1.662    432.455    0  264.2038   8579   8385   608868111
  del-n5000-k25-s33654   5000   25  1800.0007   454.9062    1.8905   418.9348    0  265.3435   8597   8437  3814179968
  del-n5000-k25-s33654   5000   25   1800.001  1276.7087     2.398   575.0214    0  258.0864   8573   8422   127061627
  del-n5000-k25-s33654   5000   25  1800.0355  1471.3143     1.079   481.0075    0   263.372   8656   8491   170079177
  del-n5000-k25-s33654   5000   25  1800.0007   748.7349    0.9419     523.03    0  261.7458   8493   8332  3313188276
  del-n5000-k25-s33654   5000   25  1800.0005  1169.8682    3.0525   414.6444    0  263.1275   8578   8419  4253702839
  del-n5000-k25-s33654   5000   25  1800.0455   748.0486    2.5553   458.8676    0  265.6596   8604   8447  2497385059
  del-n5000-k25-s39997   5000   25  1800.0006  1253.8815    1.1007    404.105    0  258.1714   8172   8037  2761277711
  del-n5000-k25-s39997   5000   25  1800.0006  1044.4057    1.2062   480.8542    0  256.0653   8095   7959  2371901761
  del-n5000-k25-s39997   5000   25  1800.0008  1628.9561    1.4189   399.8461    0  258.6921   8123   7990  2680224350
  del-n5000-k25-s39997   5000   25  1800.0006   327.7439    1.2601   423.3668    0  259.8635   8188   8060  2464240166
  del-n5000-k25-s39997   5000   25  1800.0006  1715.8173    4.4469   580.3507    0  256.3438   8094   7957  1479471131
  del-n5000-k25-s39997   5000   25  1800.0375  1753.0717    2.1115   422.8124    0  258.6361   8221   8078   994116236
  del-n5000-k25-s39997   5000   25  1800.0406   1569.259    4.2054   499.8273    0  252.2405   8012   7878   807647208
  del-n5000-k25-s39997   5000   25  1800.0006   915.1196    1.3887   759.7906    0  256.4516   8211   8088  2554689596
  del-n5000-k25-s39997   5000   25  1800.0007  1010.5164    2.4647   529.7969    0  256.3087   8145   8006    57358341
  del-n5000-k25-s39997   5000   25  1800.0008   401.2149    0.5757   371.1727    0  258.0355   8104   7968  1977080658
  del-n5000-k25-s52517   5000   25  1800.0054    936.186    0.5595   448.8164    0  260.4735   7435   7298  2148136001
  del-n5000-k25-s52517   5000   25   1800.001    179.361    1.0838   471.1936    0  257.9127   7357   7211  2424619002
  del-n5000-k25-s52517   5000   25  1800.0423    79.9981    0.7606   479.4475    0  257.1098   7427   7288  3296380231
  del-n5000-k25-s52517   5000   25  1800.0007   771.6608    4.9926   437.8578    0  256.8196   7535   7384  3713309355
  del-n5000-k25-s52517   5000   25  1800.0211  1457.5525    3.3211    555.887    0  256.5551   7435   7285  1811769886
  del-n5000-k25-s52517   5000   25  1800.0003   124.6568    3.7115   482.2132    0  258.4183   7377   7248  3588654728
  del-n5000-k25-s52517   5000   25  1800.0009   448.8355    3.8594   409.1183    0  255.9363   7322   7182  2244583507
  del-n5000-k25-s52517   5000   25  1800.0008   1182.087    3.4024   545.1767    0  254.5798   7367   7222  3540921175
  del-n5000-k25-s52517   5000   25  1800.0008  1246.2761     4.633   473.0699    0  257.6457   7439   7310  1626818914
  del-n5000-k25-s52517   5000   25  1800.0007  1324.0939    1.1858   448.1676    0  257.6457   7350   7200   167900978
  del-n5000-k50-s13975   5000   50  1800.0003   850.8619    7.9187   347.8534    0  190.9285   5733   3322  3530975229
  del-n5000-k50-s13975   5000   50  1800.0408  1431.8949    8.3318   569.9235    0   189.238   5643   3257  3397512937
  del-n5000-k50-s13975   5000   50  1800.0007   793.5721    9.3358   401.5341    0  192.0276   5742   3292   289254247
  del-n5000-k50-s13975   5000   50  1800.0007   551.1114    7.6924   489.6743    0  189.6302   5682   3295  1038791634
  del-n5000-k50-s13975   5000   50  1800.0003   940.6163    7.6745   876.3971    0  188.5931   5789   3377  3990457107
  del-n5000-k50-s13975   5000   50  1800.0009   714.9286    4.2606   443.5362    0  193.0872   5715   3333  3636245869
  del-n5000-k50-s13975   5000   50  1800.0007   672.5621    7.2253   284.9296    0  190.3038   5635   3208   177304122
  del-n5000-k50-s13975   5000   50  1800.0002  1266.2987    9.2885     376.91    0  184.9398   5663   3309  2265874263
  del-n5000-k50-s13975   5000   50  1800.0422   555.0395   10.0196     587.55    0  190.4512   5735   3344   285173734
  del-n5000-k50-s13975   5000   50  1800.0009  1665.3632    6.3417   486.0418    0  185.9073   5738   3319  2196392171
  del-n5000-k50-s23709   5000   50  1800.0008  1468.6423    4.4834   344.0302    0  191.1077   4899   3126   878336652
  del-n5000-k50-s23709   5000   50  1800.0009   770.9561    9.5654    502.937    0  188.0906   4961   3154   734921509
  del-n5000-k50-s23709   5000   50  1800.0002    49.4365   10.5736    553.617    0  189.2636   4918   3162  3016052831
  del-n5000-k50-s23709   5000   50  1800.0002    831.776    8.9416   389.3721    0  190.8227   4945   3171   556232954
  del-n5000-k50-s23709   5000   50  1800.0007   493.0692    5.7687   318.7048    0  187.6438   4901   3176  3510567863
  del-n5000-k50-s23709   5000   50  1800.0007   690.6514    7.7321   341.1451    0  187.1793   4932   3131  2067657138
  del-n5000-k50-s23709   5000   50  1800.0002    88.9405   10.6451   347.4049    0  190.9308   4882   3094  2603292372
  del-n5000-k50-s23709   5000   50  1800.0019  1419.4756    9.3111   374.4334    0  188.3657   4885   3102  1598580074
  del-n5000-k50-s23709   5000   50  1800.0008   622.9912     4.175   309.5333    0  187.2626   4908   3117  2002261219
  del-n5000-k50-s23709   5000   50  1800.0008  1226.7041    6.2775   326.9711    0  187.8123   4875   3101  4282318758
  del-n5000-k50-s49035   5000   50  1800.0007   452.5473   10.6197    430.287    0  187.2971   4961   3140  2289220469
  del-n5000-k50-s49035   5000   50  1800.0007  1134.6296    7.0253   360.2773    0  186.3617   4924   3121  1738033531
  del-n5000-k50-s49035   5000   50  1800.0003  1354.6377    7.4593   347.1286    0  185.6159   4871   3028  3156366213
  del-n5000-k50-s49035   5000   50  1800.0002   245.0595   11.6418   318.2093    0  185.3663   4975   3185  1666938047
  del-n5000-k50-s49035   5000   50  1800.0008   564.0405    6.7315   418.4598    0  186.5135   4976   3171  2586003685
  del-n5000-k50-s49035   5000   50  1800.0008   139.9218    6.6972   302.1471    0  187.6889   4992   3144  2456374122
  del-n5000-k50-s49035   5000   50  1800.0009   582.2326    7.9447   383.9356    0  190.5296   4974   3171  1970559539
  del-n5000-k50-s49035   5000   50  1800.0008   373.4601    6.9665   338.0601    0  188.6225   4886   3089   112857853
  del-n5000-k50-s49035   5000   50  1800.0009   308.6045    7.0983   316.9882    0  186.1285   4976   3155  3186431357
  del-n5000-k50-s49035   5000   50  1800.0002   119.1904    5.9478   398.4218    0  187.6147   4948   3065   325170549
   del-n5000-k50-s5359   5000   50  1800.0003   898.3005   11.2062   280.4519    0  192.9837   5224   2507  2888029058
   del-n5000-k50-s5359   5000   50  1800.0009  1278.6136    7.3099   286.3025    0  190.2253   5289   2531  2140446777
   del-n5000-k50-s5359   5000   50  1800.0008  1368.8177      16.4   337.3346    0  195.9812   5188   2437  4075531467
   del-n5000-k50-s5359   5000   50  1800.0008    166.279    4.9493   326.6209    0  191.3259   5251   2520  1887387432
   del-n5000-k50-s5359   5000   50  1800.0008   1116.238    8.5782   311.4595    0   187.891   5263   2495   436794779
   del-n5000-k50-s5359   5000   50  1800.0008     1095.8   10.8605    326.456    0  195.7777   5219   2490  3847153759
   del-n5000-k50-s5359   5000   50  1800.0315  1520.6498     5.589   413.3965    0  185.2661   5229   2483    13963749
   del-n5000-k50-s5359   5000   50  1800.0008  1026.0882    8.9289   344.7449    0  191.7436   5262   2485  2292071896
   del-n5000-k50-s5359   5000   50  1800.0016   401.8461    6.0428   395.8002    0  191.8565   5180   2453  2169635385
   del-n5000-k50-s5359   5000   50  1800.0008   751.6077   13.0802   461.4443    0  192.1398   5237   2485  3390731271
  del-n5000-k80-s23438   5000   80   1800.001   388.1963    9.5202   346.8423    0  181.5098   3538    163  1421089725
  del-n5000-k80-s23438   5000   80  1800.0017  1265.3626   15.3053    303.285    0  169.3778   3633    208  3946927841
  del-n5000-k80-s23438   5000   80   1800.001  1708.5622   13.7219   445.0579    0   180.409   3594    172   693384414
  del-n5000-k80-s23438   5000   80  1800.0009   688.1484   20.9464   487.6013    0  170.2082   3584    144  2757860408
  del-n5000-k80-s23438   5000   80  1800.0009  1735.9647    18.122    367.395    0  186.6605   3632    181  2869483742
  del-n5000-k80-s23438   5000   80  1800.0009  1720.5257   19.6156   286.6476    0  171.3638   3599    166   692143544
  del-n5000-k80-s23438   5000   80  1800.0053   408.1329   20.2474   264.0072    0  170.1337   3620    189  1555487809
  del-n5000-k80-s23438   5000   80   1800.001  1770.9898   17.4286    327.908    0   183.555   3611    205  3051505754
  del-n5000-k80-s23438   5000   80  1800.0008   793.2476   15.7234    329.357    0  181.6466   3563    180   968986496
  del-n5000-k80-s23438   5000   80  1800.0008   369.4402   19.8683   342.2071    0  171.4286   3560    203  3739303229
  del-n5000-k80-s24612   5000   80  1800.0008   220.6638   18.9685    266.982    0  173.3251   3820    166  2336676258
  del-n5000-k80-s24612   5000   80   1800.001   834.4884   10.8262   270.8122    0  168.9368   3795    136   330109393
  del-n5000-k80-s24612   5000   80   1800.001   869.0477   20.8888   275.9357    0  171.8002   3821    169  2749113924
  del-n5000-k80-s24612   5000   80  1800.0009   1314.221   11.7373   304.6625    0  165.6204   3788    161  4187271983
  del-n5000-k80-s24612   5000   80   1800.001  1465.4418   21.6155   281.4198    0  181.6172   3787    161  3413167944
  del-n5000-k80-s24612   5000   80  1800.0002  1493.1291   18.5824   391.6198    0  171.7732   3794    167  1783136195
  del-n5000-k80-s24612   5000   80  1800.0002   521.0075   16.3391   308.2829    0  174.0746   3830    175   454896025
  del-n5000-k80-s24612   5000   80  1800.0009   1176.338   15.4142   320.0348    0  175.4468   3777    154  1634034323
  del-n5000-k80-s24612   5000   80  1800.0009   719.1815    17.612   331.3038    0  181.8222   3836    179  3166644456
  del-n5000-k80-s24612   5000   80  1800.0009   700.7079   14.6857   362.5489    0  176.3777   3782    171   845017884
  del-n5000-k80-s37325   5000   80  1800.0106  1551.7798   13.1966   301.4549    0  159.5775   3745    118  3269699089
  del-n5000-k80-s37325   5000   80  1800.0001  1049.1038   14.7237    311.901    0  176.1772   3711    110  1091190859
  del-n5000-k80-s37325   5000   80  1800.0002    67.7103   13.9463   273.8475    0  176.1278   3719    100  2125344816
  del-n5000-k80-s37325   5000   80  1800.0009  1277.5354   15.1696   295.0186    0  181.3689   3721    110  3662416648
  del-n5000-k80-s37325   5000   80   1800.001  1679.9577   19.4535   266.0992    0  188.6821   3750    116  3674064830
  del-n5000-k80-s37325   5000   80  1800.0009  1421.3101   15.2796   302.5954    0  177.8674   3740    122  3675521194
  del-n5000-k80-s37325   5000   80   1800.001  1450.2366   14.3894   282.9675    0  177.8866   3714    100  3604707658
  del-n5000-k80-s37325   5000   80  1800.0002  1154.1303   14.7527   267.5126    0  177.4188   3750     95   578228952
  del-n5000-k80-s37325   5000   80  1800.0009    622.252    8.3788   238.2228    0  176.0088   3761    112  1158647019
  del-n5000-k80-s37325   5000   80  1800.0123   440.6659   16.8672   432.3478    0  183.5643   3725    109    64317312
  del-n5000-k80-s55111   5000   80  1800.0278  1474.2474   15.0753   274.7944    0  171.4477   3648    296   989734873
  del-n5000-k80-s55111   5000   80  1800.0009   553.7582   14.2885   310.0807    0  175.1523   3625    241  1928138289
  del-n5000-k80-s55111   5000   80  1800.0009   571.2578   15.0259   344.3178    0   171.304   3703    306  2838678730
  del-n5000-k80-s55111   5000   80  1800.0011   865.4711   17.7945   276.8957    0  167.3074   3657    265  1796131888
  del-n5000-k80-s55111   5000   80  1800.0008  1119.5076   17.2657   279.5951    0  169.7757   3679    268  1350522915
  del-n5000-k80-s55111   5000   80   1800.001   770.5222   18.7357   376.0468    0  169.4827   3654    305  3071717793
  del-n5000-k80-s55111   5000   80   1800.001   300.0679    18.729   369.1414    0  170.1352   3638    280  2372357026
  del-n5000-k80-s55111   5000   80   1800.001  1313.7404    23.296   303.2134    0  168.8303   3659    273  2119563905
  del-n5000-k80-s55111   5000   80  1800.0002  1207.3434   14.2822   265.7507    0  163.5416   3702    313  1115404144
  del-n5000-k80-s55111   5000   80  1800.0009   264.0426    20.604   282.1405    0  162.2892   3622    268  1474711742
 del-n10000-k50-s13697  10000   50   1800.017     82.954    7.4455   570.2002    0  190.4927   3040   2555  3049380930
 del-n10000-k50-s13697  10000   50  1800.0013   578.1715   11.4252   435.3983    0  196.8767   3003   2530   779827289
 del-n10000-k50-s13697  10000   50  1800.0013   553.4658    5.6818   450.5467    0  192.2564   3043   2592   937191505
 del-n10000-k50-s13697  10000   50  1800.0163   428.4019    8.9585   342.7889    0  190.4571   3085   2636  3086054431
 del-n10000-k50-s13697  10000   50  1800.0572   968.9252     4.805   417.0759    0  194.7366   3080   2642  2105490608
 del-n10000-k50-s13697  10000   50  1800.0013    57.5388    4.3695   387.9339    0  190.6602   3060   2582  3357653029
 del-n10000-k50-s13697  10000   50  1800.0012   1064.842    3.7457    391.672    0   190.004   3057   2535  2737663901
 del-n10000-k50-s13697  10000   50  1800.0012  1314.4065    7.3977   343.8691    0  191.7201   3037   2554  3079315011
 del-n10000-k50-s13697  10000   50  1800.0351  1569.5598    12.768   413.5629    0  193.2008   3069   2572  3958798400
 del-n10000-k50-s13697  10000   50   1800.001  1283.0218    3.7174    311.822    0  194.3721   3064   2609   937930140
 del-n10000-k50-s16765  10000   50  1800.0015   102.5136    8.2569   323.9717    0  191.5279   3299   3113   291157748
 del-n10000-k50-s16765  10000   50  1800.0131   223.3684   10.2233   334.1335    0  191.0386   3314   3109   317103300
 del-n10000-k50-s16765  10000   50  1800.0011   673.9352    6.3592   373.1687    0  197.8631   3371   3182  3186299656
 del-n10000-k50-s16765  10000   50  1800.0002  1481.3764    8.5825   534.2012    0  193.6845   3352   3170   887359171
 del-n10000-k50-s16765  10000   50  1800.0014   562.9785    8.3674   439.3277    0  193.6728   3343   3129  2667584272
 del-n10000-k50-s16765  10000   50  1800.0013   289.7478    9.4674   317.7023    0  196.7421   3293   3088  3177637535
 del-n10000-k50-s16765  10000   50  1800.1052  1100.9824    4.9761   368.7251    0  192.0331   3270   3067  1515663181
 del-n10000-k50-s16765  10000   50  1800.0762  1769.2087    5.4444   348.2625    0  196.4543   3384   3199  4130669865
 del-n10000-k50-s16765  10000   50  1800.0012     84.597    6.3414   372.1076    0  195.7787   3290   3098  1777413759
 del-n10000-k50-s16765  10000   50  1800.0012   736.2748    7.5498   308.6511    0  191.4555   3313   3112   341348124
  del-n10000-k50-s2196  10000   50  1800.0011   523.0194    9.0392   366.0285    0  190.0535   3873   3732   935070368
  del-n10000-k50-s2196  10000   50  1800.0009  1740.7666    4.5509   443.0818    0  186.2161   3811   3681   295438696
  del-n10000-k50-s2196  10000   50  1800.0011  1106.9602    2.9307    324.369    0  191.3253   3798   3650  2650406601
  del-n10000-k50-s2196  10000   50   1800.001  1716.8761    8.1827    312.653    0  191.6767   3843   3691  3640826113
  del-n10000-k50-s2196  10000   50  1800.0011  1243.0843    5.2287    435.712    0  192.3088   3817   3670   516454363
  del-n10000-k50-s2196  10000   50   1800.001   943.8639    3.4549   400.2833    0  190.4827   3776   3660  1647641856
  del-n10000-k50-s2196  10000   50  1800.0771  1423.1254    2.7505   354.6984    0  190.0535   3816   3689  3988558711
  del-n10000-k50-s2196  10000   50   1800.001   483.1085    7.4339   377.7708    0  191.1449   3809   3671  2742452460
  del-n10000-k50-s2196  10000   50  1800.0015  1270.7536   10.0376   398.4617    0  184.2192   3813   3697   313319364
  del-n10000-k50-s2196  10000   50  1800.0341  1546.9359    9.1404   328.6028    0  187.3262   3767   3624  1163120675
  del-n10000-k50-s4699  10000   50  1800.0011  1241.6295    1.8451   388.4583    0   192.998   3445   3136   799447590
  del-n10000-k50-s4699  10000   50  1800.0011  1300.3123    9.0581   462.0716    0  186.4843   3406   3092  4184207689
  del-n10000-k50-s4699  10000   50  1800.0015    86.9226    3.4771   417.0741    0  190.0859   3430   3107  3795402607
  del-n10000-k50-s4699  10000   50  1800.0014   617.3397     6.401   290.2052    0  193.2904   3430   3128   791953641
  del-n10000-k50-s4699  10000   50  1800.0498  1112.0588    7.7923   413.1587    0  188.6854   3392   3076  3359212106
  del-n10000-k50-s4699  10000   50  1800.0411  1196.0388   10.1057   388.2913    0  193.0007   3449   3132  2663925543
  del-n10000-k50-s4699  10000   50  1800.0012   660.3928   13.5304   406.6365    0    188.04   3523   3233  1915085880
  del-n10000-k50-s4699  10000   50  1800.0012   276.3794    4.9907   398.0308    0   188.407   3432   3104  3072242417
  del-n10000-k50-s4699  10000   50  1800.0073   350.2858    6.2499   466.5017    0  191.3863   3408   3096  3449175687
  del-n10000-k50-s4699  10000   50  1800.0072   886.2372    3.3477   358.6703    0  195.6684   3420   3090  1269308258
del-n10000-k100-s11912  10000  100  1800.0013   985.1456   20.4347   243.2625    0  144.4924   2302    828   303107518
del-n10000-k100-s11912  10000  100  1800.0018  1027.7356   22.5796   326.8396    0  138.2705   2257    799  1542166298
del-n10000-k100-s11912  10000  100  1800.0015   501.8904   18.4447    227.171    0  142.2114   2259    840   438239154
del-n10000-k100-s11912  10000  100  1800.0014   705.4711   17.5234   276.9456    0  139.6482   2172    784  1064751827
del-n10000-k100-s11912  10000  100  1800.0013   546.8236   14.8604   219.3212    0  143.5607   2265    854  2714036758
del-n10000-k100-s11912  10000  100  1800.0016  1764.1347   14.0724   379.7955    0  138.3849   2175    794  1736077343
del-n10000-k100-s11912  10000  100  1800.0015   635.3179   17.5773   289.5803    0  147.9644   2231    795  3902729172
del-n10000-k100-s11912  10000  100  1800.1145   683.0963   15.6108   337.5498    0  144.1517   2240    809   355944363
del-n10000-k100-s11912  10000  100  1800.0015    46.6726   12.6715   239.2833    0  140.5389   2197    773  3393596109
del-n10000-k100-s11912  10000  100  1800.0015  1626.9767   14.4753   274.1792    0  143.5243   2177    723  3130545969
del-n10000-k100-s41105  10000  100  1800.0015  1491.5092   16.6653   245.6778    0  151.6747   2274    661  3203654248
del-n10000-k100-s41105  10000  100  1800.0018   192.8318   18.9248   492.9424    0  152.9218   2251    607  3930945967
del-n10000-k100-s41105  10000  100  1800.0017    291.085   20.6586   276.3197    0  154.0924   2269    646  1310227821
del-n10000-k100-s41105  10000  100  1800.0023    23.2435   19.0819   324.4314    0  152.3681   2262    638  4112196844
del-n10000-k100-s41105  10000  100  1800.0016   285.0441   19.5861   333.1115    0  141.4144   2297    630   614972826
del-n10000-k100-s41105  10000  100  1800.0016  1171.3247    9.6137   236.7258    0  148.9564   2246    604   134246294
del-n10000-k100-s41105  10000  100  1800.0015   1207.131   20.4773   254.6969    0  147.6086   2266    641   434928922
del-n10000-k100-s41105  10000  100  1800.0014    34.6562   13.8528   356.0468    0  149.4696   2269    645  1748693955
del-n10000-k100-s41105  10000  100  1800.0019  1796.2983   25.9347   269.8127    0    149.47   2257    639   705115435
del-n10000-k100-s41105  10000  100   1800.016   714.6154   20.0713   268.6637    0  144.2058   2306    674  2639795832
del-n10000-k100-s46796  10000  100  1800.0128   860.9826    20.063   366.9448    0   141.057   2227    687  3800819193
del-n10000-k100-s46796  10000  100  1800.0015    831.124   16.7348   373.7233    0  160.3798   2218    684   602236514
del-n10000-k100-s46796  10000  100  1800.0853   354.1441   18.0777   271.6483    0  167.2986   2202    695  3087851334
del-n10000-k100-s46796  10000  100  1800.0003   323.2506   16.3489   246.7257    0  155.3178   2233    732  1743078116
del-n10000-k100-s46796  10000  100  1800.0017  1403.3261   19.6176   300.7317    0  158.2532   2218    691  2912738165
del-n10000-k100-s46796  10000  100  1800.0015  1038.1164   20.4822   386.9979    0  154.1316   2213    687  3796572042
del-n10000-k100-s46796  10000  100  1800.0017   164.0801    10.681   368.7209    0  146.7886   2193    701   442267643
del-n10000-k100-s46796  10000  100  1800.0014  1259.3641   17.6265   235.2313    0  152.8474   2184    679  2853087184
del-n10000-k100-s46796  10000  100  1800.0016  1566.4904   17.6521   266.3759    0  151.9925   2181    678  3074465870
del-n10000-k100-s46796  10000  100  1800.0017   410.6809   18.9975   271.4891    0  156.2243   2217    729  1816251468
del-n10000-k100-s62397  10000  100  1800.0018   498.1997   19.4678   238.0944    0  144.4732   2280    979  2531716381
del-n10000-k100-s62397  10000  100  1800.0898  1119.8011   13.5534   228.9692    0  140.8167   2254    942   654854111
del-n10000-k100-s62397  10000  100  1800.0003   438.3708   24.5359   307.7586    0  138.4576   2256    930  1218529174
del-n10000-k100-s62397  10000  100  1800.0014   322.7799   16.4986   221.4985    0  136.1407   2253    957  2408007022
del-n10000-k100-s62397  10000  100  1800.0015  1349.0254   20.6472   243.4774    0  142.2314   2262    975   944059131
del-n10000-k100-s62397  10000  100  1800.0015  1595.0267   18.7706   326.5533    0  135.2994   2238    912  2724252265
del-n10000-k100-s62397  10000  100  1800.0979  1668.0972   16.2159   274.1464    0  143.4083   2270    969  1416516285
del-n10000-k100-s62397  10000  100  1800.0384    787.933    9.5045   234.8333    0  135.8669   2247    937  3733907823
del-n10000-k100-s62397  10000  100  1800.0015  1602.1014   24.6923   403.6329    0  139.4925   2252    959  1887795763
del-n10000-k100-s62397  10000  100  1800.0017  1582.6422   15.9328   242.4875    0  140.9991   2213    934  2526862706
 del-n10000-k160-s1986  10000  160  1800.0019   605.2088   31.9201   289.5894    0  235.7742   1833      3  2454987319
 del-n10000-k160-s1986  10000  160   1800.002   779.3289   34.3285   223.6419    0  169.6903   1798      3  2713523922
 del-n10000-k160-s1986  10000  160  1800.0016   1039.509   25.2669   276.5309    0  182.6134   1803      1  1472888280
 del-n10000-k160-s1986  10000  160  1800.0017  1448.9922   33.0306   252.8499    0  236.8281   1798      2   162867829
 del-n10000-k160-s1986  10000  160  1800.0019  1069.5275   39.1264   523.4438    0   275.407   1817      3  3163214089
 del-n10000-k160-s1986  10000  160   1800.002   928.6928   37.1065   382.8689    0  373.3633   1790      1  1537106513
 del-n10000-k160-s1986  10000  160  1800.0003   638.6969   29.2632    239.458    0  154.4565   1829      4   684152001
 del-n10000-k160-s1986  10000  160  1800.0019   925.7968   31.8334   267.7636    0  401.9037   1806      1  3562264098
 del-n10000-k160-s1986  10000  160   1800.002   271.4775   28.0982   259.0006    0  212.1214   1807      8   101818258
 del-n10000-k160-s1986  10000  160  1800.0021   693.1499    22.365   515.0063    0  265.6126   1830      4    37504184
del-n10000-k160-s41175  10000  160  1800.0022  1502.2039   43.9673   404.9911    0  188.6601   1684      5  1805096929
del-n10000-k160-s41175  10000  160   1800.002   616.2373   38.9073   359.4575    0  477.2151   1663      1  1176423168
del-n10000-k160-s41175  10000  160  1800.0019   925.6256    38.525   397.1514    0  342.1005   1662      1  3789476193
del-n10000-k160-s41175  10000  160   1800.002   254.3272   41.7372   262.3979    0  174.9488   1671      7  3095877423
del-n10000-k160-s41175  10000  160  1800.0019  1510.4804    31.964   348.1927    0  155.2218   1654      5  4176554929
del-n10000-k160-s41175  10000  160  1800.0017   720.8429   40.0953   276.8491    0  187.5632   1671      4   276107402
del-n10000-k160-s41175  10000  160  1800.1324   683.3296   29.8734   313.2166    0  292.3096   1694      1  1436975271
del-n10000-k160-s41175  10000  160  1800.1529   426.2216   35.6866   295.1739    0  160.5778   1690      6  1527787541
del-n10000-k160-s41175  10000  160   1800.002   651.0648   32.6654   286.5138    0  260.6491   1706      2  4117127047
del-n10000-k160-s41175  10000  160   1800.002   475.9276   37.0634   314.5549    0  168.6643   1657      9  3798508358
 del-n10000-k160-s7151  10000  160  1800.0019  1184.3003   38.7023   239.3151    0  196.7923   1734      3    45516455
 del-n10000-k160-s7151  10000  160  1800.0017   513.8145   29.7077   272.5114    0  131.5285   1751      6  1285932923
 del-n10000-k160-s7151  10000  160  1800.0019   168.8845   28.0666   296.5175    0  127.1252   1743     11  1622161993
 del-n10000-k160-s7151  10000  160  1800.0333  1038.9986   39.6563   376.1481    0  211.1601   1742      8  2368540644
 del-n10000-k160-s7151  10000  160  1800.0018  1378.6365   42.4742   331.6891    0  180.4848   1751     10  3558700994
 del-n10000-k160-s7151  10000  160   1800.033   806.5143   43.5009   228.1197    0  210.3935   1732      6  1126856953
 del-n10000-k160-s7151  10000  160   1800.002   560.9364   51.1466   408.4805    0  291.4392   1706      6  1422282031
 del-n10000-k160-s7151  10000  160  1800.0019  1268.4079   36.7483   529.0112    0  199.0627   1730     10  3930778543
 del-n10000-k160-s7151  10000  160  1800.0001   346.4368   35.1589   491.3326    0   187.599   1738      8   465643792
 del-n10000-k160-s7151  10000  160  1800.0313    1425.76   32.6765   248.6144    0  192.6094   1714      5  3267183308
 del-n10000-k160-s7725  10000  160  1800.0017   1414.666   27.6996   268.3178    0  165.0805   1922     18  3534175280
 del-n10000-k160-s7725  10000  160  1800.0613   474.7761   31.8024   316.2694    0  172.8222   1931     25  4097089642
 del-n10000-k160-s7725  10000  160  1800.0018   369.3204   33.0842   259.3185    0  133.0838   1926     30  1110451489
 del-n10000-k160-s7725  10000  160  1800.0017  1706.8782   31.0245   210.0711    0  139.3071   1919     17  1209856712
 del-n10000-k160-s7725  10000  160  1800.0019  1274.1599   38.4455   222.7319    0  159.5815   1946     20  1599899792
 del-n10000-k160-s7725  10000  160  1800.0019  1508.2018   30.5052   284.5776    0  158.4982   1915     21  1429021382
 del-n10000-k160-s7725  10000  160  1800.0017    709.827   26.9571   229.1715    0  185.3741   1916     27   579178091
 del-n10000-k160-s7725  10000  160  1800.0019   1612.881   38.2424    232.814    0  143.7819   1917     22  3833699286
 del-n10000-k160-s7725  10000  160  1800.1082   484.5526   38.9989   316.0976    0  142.8861   1927     27   201976161
 del-n10000-k160-s7725  10000  160  1800.0019   846.5094    37.123   233.9621    0   156.852   1923     27   375551722