              instance      n    k       time        ttb  cons_bal   cons_cmp     bal       cmp   repl   feas        seed
   del-n1000-k10-s8165   1000   10  1800.0006  1683.6007    0.2762  1041.3142  0.0000  423.5705  12299   7714  1215398124
   del-n1000-k10-s8165   1000   10  1800.0004  1708.7726    0.1905   920.2531  0.0000  426.5314  12310   7715  3078208858
   del-n1000-k10-s8165   1000   10  1800.0006   921.2013    1.3463   920.2531  0.0000  431.8667  12269   7660   542909365
   del-n1000-k10-s8165   1000   10  1800.0006   950.9392    1.2637  1174.5465  0.0000  423.5705  12415   7789  2621451765
   del-n1000-k10-s8165   1000   10  1800.0009   912.7834    0.4646   920.2531  0.0000  424.1535  11566   7238   430866226
   del-n1000-k10-s8165   1000   10  1800.0004   422.3344    3.5934   811.4055  0.0000  423.1868  11610   7241  1942311725
   del-n1000-k10-s8165   1000   10  1800.0005  1450.5677    0.1103   920.2531  0.0000  424.1535  11642   7328  4225219998
   del-n1000-k10-s8165   1000   10  1800.0006    39.2825    3.1777   920.2531  0.0000  435.7072  11565   7198  1208732421
   del-n1000-k10-s8165   1000   10  1800.0003   453.0345    0.5675   920.2531  0.0000  433.5092  11599   7263  2677067856
   del-n1000-k10-s8165   1000   10  1800.0005  1077.4977    0.5117   734.4204  0.0000  423.5473  11699   7426  3747915206
  del-n1000-k16-s51680   1000   16  1800.0004   154.1504    1.5871   788.2454  0.0000  335.4155  13823  10084  3723313440
  del-n1000-k16-s51680   1000   16  1800.0007  1074.2157    0.3296   820.0479  0.0000  334.8370  13834  10088  4148575534
  del-n1000-k16-s51680   1000   16  1800.0024  1083.8597    2.1285   866.6732  0.0000  343.1216   8490   6205   999632138
  del-n1000-k16-s51680   1000   16  1800.0020  1636.1493    2.5793   675.9191  0.0000  340.0489   8616   6391  2473632723
  del-n1000-k16-s51680   1000   16  1800.0005   158.1001    1.1527   793.9695  0.0000  339.5928   8491   6183   866302994
  del-n1000-k16-s51680   1000   16  1800.0031  1269.1047    0.7316   879.4739  0.0000  336.5858   8609   6306  1137155285
  del-n1000-k16-s51680   1000   16  1800.0016  1399.7150    1.3065   671.0188  0.0000  334.2332   7027   5151  1784666768
  del-n1000-k16-s51680   1000   16  1800.0005  1238.3656    1.6221   612.6060  0.0000  338.9614   6968   5079  3847785067
  del-n1000-k16-s51680   1000   16  1800.0063  1788.6432    1.4340   793.9695  0.0000  335.4155   7085   5161  2316587479
  del-n1000-k16-s51680   1000   16  1800.0063    93.8686    0.9646   863.1465  0.0000  334.8576   7026   5137  3161878454
   del-n1000-k5-s33335   1000    5  1800.0022  1346.1574    0.4916   955.9856  0.0000  613.9061  30765  30410  4196858637
   del-n1000-k5-s33335   1000    5  1800.0059  1689.0460    0.5094  1185.2329  0.0000  622.5866  31212  30850  2328288841
   del-n1000-k5-s33335   1000    5  1800.0154    85.1303    0.0410   971.3195  0.0000  623.7112  31016  30673  4167822220
   del-n1000-k5-s33335   1000    5  1800.0007  1361.3810    0.0363   971.3195  0.0000  623.7112  30341  29971  3791012825
   del-n1000-k5-s33335   1000    5  1800.0009  1780.9853    0.0374   971.3195  0.0000  616.0623  42116  41610  2734380095
   del-n1000-k5-s33335   1000    5  1800.0012    98.1752    0.4757  1185.2329  0.0000  622.5866  41903  41406  2371769447
   del-n1000-k5-s33335   1000    5  1800.0009   325.1976    0.0331   971.3195  0.0000  616.0276  42243  41756  1426779798
   del-n1000-k5-s33335   1000    5  1800.0010  1460.2262    0.4116  1183.7787  0.0000  612.0465  41950  41457  3733391673
   del-n1000-k5-s33335   1000    5  1800.0025   821.5124    0.4377  1185.2329  0.0000  610.6529  54563  53936  4174989277
   del-n1000-k5-s33335   1000    5  1800.0010   567.7895    0.0407   955.9856  0.0000  623.7112  54157  53512  3920918174
del-n10000-k100-s46796  10000  100  1800.0021  1409.8223   22.1734   401.6238  0.0000  189.2588   1759    589  1895581804
del-n10000-k100-s46796  10000  100  1800.0037  1597.9367   14.8666   751.0299  0.0000  188.6525   1741    580  2420332667
del-n10000-k100-s46796  10000  100  1800.0023  1573.0893   20.9433   475.0648  0.0000  218.1269   1759    558   747308143
del-n10000-k100-s46796  10000  100  1800.0023   551.0883   10.7999   475.0648  0.0000  236.8756   1730    590  3868150052
del-n10000-k100-s46796  10000  100  1800.0023    41.0612   12.9950   458.4545  0.0000  252.3900   1710    544  1297485434
del-n10000-k100-s46796  10000  100  1800.1321  1481.9432   19.5284   392.8002  0.0000  214.7106   1728    574   797094974
del-n10000-k100-s46796  10000  100  1800.0026   780.9806   10.5341   795.7859  0.0000  239.8199   1714    555  2590488695
del-n10000-k100-s46796  10000  100  1800.0021  1044.2619   19.7660   639.0692  0.0000  213.6921   1716    577   260444293
del-n10000-k100-s46796  10000  100  1800.0023    66.2755   23.7724   595.7820  0.0000  218.2740   1745    613  2028279866
del-n10000-k100-s46796  10000  100  1800.0025  1721.0734   14.4438   475.5896  0.0000  209.6021   1729    544   571660622
del-n10000-k160-s41175  10000  160  1800.0027  1424.8255   24.2987   359.0049  0.0000  312.0842   1295      4  2520977715
del-n10000-k160-s41175  10000  160  1800.0026  1521.4749   23.2534   380.3373  0.0000  247.3590   1307      5  2210406517
del-n10000-k160-s41175  10000  160  1800.0026   523.7200   23.4742   416.7284  0.0000  253.9600   1306      5  3524576266
del-n10000-k160-s41175  10000  160  1800.0027  1656.0334   46.7860   330.4246  0.0000  268.3195   1292      6   996088959
del-n10000-k160-s41175  10000  160  1800.0005   142.4961   30.4004   382.7122  0.0000  235.6393   1288     10   671312348
del-n10000-k160-s41175  10000  160  1800.0026  1099.6957   25.0606   441.7149  0.0000  274.1161   1267      8  1005132861
del-n10000-k160-s41175  10000  160  1800.1415  1297.1336   22.3038   351.1055  0.0000  214.6293   1284      8   510998188
del-n10000-k160-s41175  10000  160  1800.0749  1668.9459   19.3030   433.8355  0.0000  218.8519   1303     10  1406434460
del-n10000-k160-s41175  10000  160  1800.0029  1150.6938   28.7830   311.5119  0.0000  182.5420   1294      6  3923190555
del-n10000-k160-s41175  10000  160  1800.0027   579.8410   24.5648   403.9843  0.0000  303.3779   1293      2  4050803479
  del-n10000-k50-s4699  10000   50  1800.0023   121.3089    8.6502   461.2561  0.0000  281.0538   3126   3030  1273071607
  del-n10000-k50-s4699  10000   50  1800.0019   203.2133   11.6577   502.5175  0.0000  282.4535   3149   3050  3678821650
  del-n10000-k50-s4699  10000   50  1800.0018  1356.8219    9.4437   416.3787  0.0000  280.4695   3158   3069  4015013562
  del-n10000-k50-s4699  10000   50  1800.0336   727.8731    4.6227   525.3281  0.0000  266.1613   3100   2988  3545253802
  del-n10000-k50-s4699  10000   50  1800.0018   166.2888    9.2316   508.1490  0.0000  286.7416   3122   3038  2608593671
  del-n10000-k50-s4699  10000   50  1800.0018  1744.5764   11.7315   422.7553  0.0000  298.8651   3179   3090  3366835925
  del-n10000-k50-s4699  10000   50  1800.0022   394.8463    8.1440   480.8840  0.0000  299.8678   3166   3068  1371613128
  del-n10000-k50-s4699  10000   50  1800.0019  1264.6392   12.8576   340.2278  0.0000  294.8297   3147   3041  2544221858
  del-n10000-k50-s4699  10000   50  1800.0020    26.8358   14.9843   486.4195  0.0000  293.5899   3158   3050  1957907133
  del-n10000-k50-s4699  10000   50  1800.0019  1586.8450   10.5600   509.5768  0.0000  289.1536   3124   3009  1556780837
  del-n2500-k12-s12455   2500   12  1800.0037  1761.3422    1.2850   739.7339  0.0000  408.3158  26083  26021   525221922
  del-n2500-k12-s12455   2500   12  1800.0008   510.2360    0.5671   664.7251  0.0000  410.9024  25577  25493   585719349
  del-n2500-k12-s12455   2500   12  1800.0011   228.2617    0.4092   663.9233  0.0000  406.5141  25874  25798  1950037739
  del-n2500-k12-s12455   2500   12  1800.0056   822.4953    2.8479   662.2501  0.0000  410.9024  26167  26084  2485221737
  del-n2500-k12-s12455   2500   12  1800.0009  1177.5597    0.6475   672.3182  0.0000  414.1048  25859  25788  3416051599
  del-n2500-k12-s12455   2500   12  1800.0078  1684.1491    0.8272   752.3182  0.0000  409.8668  25852  25771    96060839
  del-n2500-k12-s12455   2500   12  1800.0014  1718.0923    1.0652   693.4782  0.0000  412.7558  26251  26191  1099282167
  del-n2500-k12-s12455   2500   12  1800.0010   901.9614    1.2290   904.8111  0.0000  413.2398  26503  26432  2150954680
  del-n2500-k12-s12455   2500   12  1800.0009  1119.6409    1.0381   785.9338  0.0000  424.5023  25708  25635  2133338730
  del-n2500-k12-s12455   2500   12  1800.0009  1039.0641    0.9474   785.9338  0.0000  405.9823  26022  25951  2902234826
  del-n2500-k25-s15827   2500   25  1800.0008  1011.9286    2.2284   577.0516  0.0000  294.0660  18457  17168  4028650138
  del-n2500-k25-s15827   2500   25  1800.0130  1333.3658    3.1780   505.4627  0.0000  295.2408  18019  16687  2957531636
  del-n2500-k25-s15827   2500   25  1800.0004   683.8150    4.4535   604.9016  0.0000  280.7978  18323  17019   905906026
  del-n2500-k25-s15827   2500   25  1800.0170   162.0645    0.4771   623.0604  0.0000  294.3894  18214  16954  1208901385
  del-n2500-k25-s15827   2500   25  1800.0181  1542.3458    4.5966   532.3402  0.0000  294.6057  17996  16697  3931276583
  del-n2500-k25-s15827   2500   25  1800.0010  1345.4373    2.2558   556.6638  0.0000  287.5987  17840  16521  1092522055
  del-n2500-k25-s15827   2500   25  1800.0009  1680.0825    3.9332   486.9484  0.0000  290.6484  18329  17032    84553519
  del-n2500-k25-s15827   2500   25  1800.0010  1189.9801    0.8046   581.6955  0.0000  285.8642  18067  16744   976784747
  del-n2500-k25-s15827   2500   25  1800.0073   190.2127    4.3522   696.0170  0.0000  285.9900  18303  17025  1327354169
  del-n2500-k25-s15827   2500   25  1800.0010  1628.5588    2.7103   998.6672  0.0000  292.1892  17804  16447  1691750405
  del-n2500-k40-s32424   2500   40  1800.0008   835.9192    3.9492   772.8275  0.0000  257.9273   6482   2563  2292419456
  del-n2500-k40-s32424   2500   40  1800.0008  1620.2506    5.5470   917.2228  0.0000  243.5355   6516   2586  1164901632
  del-n2500-k40-s32424   2500   40  1800.0009  1503.9562    4.4051   463.5710  0.0000  249.4245   6594   2619  1602675529
  del-n2500-k40-s32424   2500   40  1800.0008   997.5912    3.5844   911.2502  0.0000  246.8773   6587   2656  2876829580
  del-n2500-k40-s32424   2500   40  1800.0008  1535.5967    6.5210   825.6010  0.0000  255.1714   6505   2565   967085619
  del-n2500-k40-s32424   2500   40  1800.0009  1084.5736    2.9547   662.3432  0.0000  243.9917   6513   2564   824172152
  del-n2500-k40-s32424   2500   40  1800.0003  1575.3364    7.3399   514.6553  0.0000  263.8973   6517   2577  1686947111
  del-n2500-k40-s32424   2500   40  1800.0007   694.7856    5.2766   463.5710  0.0000  240.0981   6472   2551   864757884
  del-n2500-k40-s32424   2500   40  1800.0007  1667.3478    7.9254   466.2488  0.0000  242.4021   6583   2645  2208463231
  del-n2500-k40-s32424   2500   40  1800.0008  1661.6542    3.4441   531.0958  0.0000  266.6726   6446   2473  1327199936
  del-n5000-k25-s33654   5000   25  1800.0004   302.5601    2.3051   635.8970  0.0000  328.4325   8626   8311  3771809189
  del-n5000-k25-s33654   5000   25  1800.0012  1219.2174    3.8521   673.2892  0.0000  332.8181   8645   8338  3710640404
  del-n5000-k25-s33654   5000   25  1800.0011   526.9771    1.8382   483.2739  0.0000  329.4745   8720   8414   413450414
  del-n5000-k25-s33654   5000   25  1800.0071   857.8066    3.7218   592.9198  0.0000  332.5927   8735   8441   227932867
  del-n5000-k25-s33654   5000   25  1800.0009  1047.3173    3.6203   672.3850  0.0000  324.6483   8714   8408  2457596368
  del-n5000-k25-s33654   5000   25  1800.0010   207.0346    1.0550   567.6540  0.0000  326.1262   8613   8273  3506917001
  del-n5000-k25-s33654   5000   25  1800.0010   159.3514    2.9261   531.6637  0.0000  328.2741   8769   8492  1334434157
  del-n5000-k25-s33654   5000   25  1800.0036   676.4071    2.5032   533.3264  0.0000  329.1183   8729   8432  1629591020
  del-n5000-k25-s33654   5000   25  1800.0012   758.0885    2.3012   675.6310  0.0000  320.2626   8612   8300  2582240502
  del-n5000-k25-s33654   5000   25  1800.0012   289.8415    1.3742   655.4879  0.0000  326.1262   8736   8448   267220825
  del-n5000-k50-s49035   5000   50  1800.0012   770.1895    7.7526   509.2369  0.0000  232.3279   5090   3470   805091792
  del-n5000-k50-s49035   5000   50  1800.0012  1041.9865   12.6971   439.9472  0.0000  236.9106   4976   3330  1129226626
  del-n5000-k50-s49035   5000   50  1800.0012   574.0697    6.6898   675.6939  0.0000  245.4456   5093   3497  1481047840
  del-n5000-k50-s49035   5000   50  1800.0003  1543.4441    7.6938   492.3037  0.0000  240.8601   5051   3387   964157689
  del-n5000-k50-s49035   5000   50  1800.0012  1758.9867    8.4945   553.8281  0.0000  239.9650   5073   3440  1145380161
  del-n5000-k50-s49035   5000   50  1800.0013    57.9239   10.3047   912.9023  0.0000  236.6914   5069   3440    87986400
  del-n5000-k50-s49035   5000   50  1800.0014  1219.3720    7.1474   845.6132  0.0000  235.6678   5077   3434  2921662041
  del-n5000-k50-s49035   5000   50  1800.0014  1322.3791   10.6221   411.4900  0.0000  239.3920   5076   3441  4286959401
  del-n5000-k50-s49035   5000   50  1800.0011  1396.3429    7.4458   636.0006  0.0000  233.3649   5014   3358  3130704672
  del-n5000-k50-s49035   5000   50  1800.0012   685.5829   10.4513   467.9362  0.0000  244.4275   5105   3486  1980918254
  del-n5000-k80-s37325   5000   80  1800.0014   454.3560   15.0851   419.9550  0.0000  259.9563   3124    203  3907815661
  del-n5000-k80-s37325   5000   80  1800.0014   360.1694   15.1429   921.5755  0.0000  249.6442   3082    191  4016696856
  del-n5000-k80-s37325   5000   80  1800.0013  1677.3410   11.0312   421.9862  0.0000  231.9306   3113    179  1883328592
  del-n5000-k80-s37325   5000   80  1800.0003  1197.0687   14.8101   921.5755  0.0000  265.4894   3089    171  2007229117
  del-n5000-k80-s37325   5000   80  1800.0003  1760.7028   12.3559   974.3062  0.0000  226.2353   3108    183     7766160
  del-n5000-k80-s37325   5000   80  1800.0013   533.2250   12.8964   647.6818  0.0000  250.5846   3135    183  2477587431
  del-n5000-k80-s37325   5000   80  1800.0014  1568.4445   13.8984   713.9752  0.0000  267.7750   3088    182  2714773102
  del-n5000-k80-s37325   5000   80  1800.0013  1078.1036   12.5036   501.4650  0.0000  242.4658   3112    191  4158292667
  del-n5000-k80-s37325   5000   80  1800.0011  1569.1149   10.1052   645.3460  0.0000  228.7623   3093    179   562877619
  del-n5000-k80-s37325   5000   80  1800.0439    91.1969   16.3588   650.7745  0.0000  244.4363   3114    197  1585098043
  del-n1000-k10-s20090   1000   10  1800.0010   183.1391    0.3557   676.9934  0.0000  409.6412  43477  41223  1086098406
  del-n1000-k10-s20090   1000   10  1800.0011    49.7241    0.6303   767.6852  0.0000  409.8979  42908  40654  2934179333
  del-n1000-k10-s20090   1000   10  1800.0008  1410.0600    0.6395   662.3725  0.0000  409.8979  42500  40134  1143969877
  del-n1000-k10-s20090   1000   10  1800.0009   480.4880    0.7283   712.8221  0.0000  409.8979  44250  41992  2413944395
  del-n1000-k10-s20090   1000   10  1800.0010  1640.4466    0.1545   642.4656  0.0000  409.6412  39713  37622  1877496093
  del-n1000-k10-s20090   1000   10  1800.0009   905.3471    0.0473   829.1625  0.0000  411.2644  39110  36981   876005853
  del-n1000-k10-s20090   1000   10  1800.0008  1007.6122    1.9213   747.5869  0.0000  408.1245  39863  37759  1401210551
  del-n1000-k10-s20090   1000   10  1800.0010   327.4658    0.3797   709.5158  0.0000  409.6412  39979  37925  2095056622
  del-n1000-k10-s20090   1000   10  1800.0008  1372.7020    0.0478   930.6564  0.0000  414.5610  39949  37862  2027418177
  del-n1000-k10-s20090   1000   10  1800.0009   914.9558    0.0318   671.6298  0.0000  409.6412  39213  37066  2823435904
  del-n1000-k10-s21163   1000   10  1800.0009   319.0981    0.6176   920.8732  0.0000  403.3678  39601  38485  2260502984
  del-n1000-k10-s21163   1000   10  1800.0006  1430.1078    0.1212   869.3117  0.0000  411.2526  40082  38956  1673534929
  del-n1000-k10-s21163   1000   10  1800.0010  1112.6118    1.1322   816.5100  0.0000  402.7877  38694  37583  3637226907
  del-n1000-k10-s21163   1000   10  1800.0009   363.9442    2.0276   883.7000  0.0000  403.3678  39040  37970   929583587
  del-n1000-k10-s21163   1000   10  1800.0009  1732.4397    0.7500   978.4695  0.0000  402.4478  39004  37852   359065654
  del-n1000-k10-s21163   1000   10  1800.0007  1458.4947    0.2901   922.9291  0.0000  406.6639  38938  37868    61126950
  del-n1000-k10-s21163   1000   10  1800.0009   803.3837    0.8284   835.2251  0.0000  406.9641  38837  37733  2960325554
  del-n1000-k10-s21163   1000   10  1800.0023   815.2560    0.7614   639.6324  0.0000  407.1667  39731  38658  2412088457
  del-n1000-k10-s21163   1000   10  1800.0011  1485.8650    0.7804   707.1711  0.0000  404.0525  39739  38648  3597309201
  del-n1000-k10-s21163   1000   10  1800.0007  1399.5205    0.1506   690.1699  0.0000  411.6571  39284  38235  3000438875
   del-n1000-k10-s8083   1000   10  1800.0013   141.3284    0.6682   905.5775  0.0000  413.1664  49503  47886  2820876570
   del-n1000-k10-s8083   1000   10  1800.0009   286.7647    0.9130   996.2840  0.0000  409.1639  50228  48530   634621563
   del-n1000-k10-s8083   1000   10  1800.0012   669.9823    2.1558   677.5481  0.0000  415.1840  51191  49504  1639544182
   del-n1000-k10-s8083   1000   10  1800.0013   718.8992    0.5062   826.9863  0.0000  408.6947  50012  48331  1566366101
   del-n1000-k10-s8083   1000   10  1800.0012   228.8113    0.1759   739.5580  0.0000  412.5190  51677  50098  4249803833
   del-n1000-k10-s8083   1000   10  1800.0009   497.3177    0.7629  1012.9949  0.0000  413.1255  51329  49701  1065191723
   del-n1000-k10-s8083   1000   10  1800.0012   857.9421    0.3780   891.3818  0.0000  413.1664  50487  48765   426836055
   del-n1000-k10-s8083   1000   10  1800.0010   786.2785    3.0100   696.5933  0.0000  409.5730  50626  48953   960067863
   del-n1000-k10-s8083   1000   10  1800.0025  1219.5278    1.7138   797.7147  0.0000  415.1840  50829  49177   171807426
   del-n1000-k10-s8083   1000   10  1800.0013  1414.2264    0.1334   766.9197  0.0000  408.8085  49911  48222   395384222
   del-n1000-k16-s3985   1000   16  1800.0004  1608.5427    4.9850   711.8066  0.0000  339.9284   9344   5333  3720921369
   del-n1000-k16-s3985   1000   16  1800.0002   458.3784    0.5897   738.1289  0.0000  342.0381   9490   5379  2934876719
   del-n1000-k16-s3985   1000   16  1800.0005   582.1734    1.4295   705.2948  0.0000  348.9292   9270   5192  1376375039
   del-n1000-k16-s3985   1000   16  1800.0005   653.3135    4.0939   582.7200  0.0000  341.3410   9150   5027  2476165077
   del-n1000-k16-s3985   1000   16  1800.0002  1122.2555    0.9989   591.3629  0.0000  347.1690   9305   5189  3422243864
   del-n1000-k16-s3985   1000   16  1800.0003  1500.2097    1.9991   775.5787  0.0000  344.6106   9564   5461  1862264893
   del-n1000-k16-s3985   1000   16  1800.0005   885.3528    1.2400   792.8227  0.0000  341.6624   9271   5182   285744907
   del-n1000-k16-s3985   1000   16  1800.0005   879.8497    0.4879   794.2788  0.0000  349.9203   9223   5114  4169094029
   del-n1000-k16-s3985   1000   16  1800.0003   266.5514    2.5505   694.4547  0.0000  339.4829   9341   5250  1754402986
   del-n1000-k16-s3985   1000   16  1800.0005   140.8232    2.9639   663.9351  0.0000  324.6453   9277   5166  1595931931
  del-n1000-k16-s61071   1000   16  1800.0003   513.5086    2.4487   704.6252  0.0000  346.7705  11644   6771  2141708431
  del-n1000-k16-s61071   1000   16  1800.0003  1791.2261    0.4596   988.9848  0.0000  351.8989  11541   6671  3835774038
  del-n1000-k16-s61071   1000   16  1800.0005  1583.0601    1.4071   819.7446  0.0000  367.5680  11719   6798  1814700940
  del-n1000-k16-s61071   1000   16  1800.0005  1394.3845    1.8238  1007.6468  0.0000  341.1059  11672   6873  2258848307
  del-n1000-k16-s61071   1000   16  1800.0006  1487.8008    2.2586   856.1149  0.0000  343.7147  11709   6785  1578142677
  del-n1000-k16-s61071   1000   16  1800.0003  1025.6203    3.8223   846.6383  0.0000  355.6461  11765   6835   412832254
  del-n1000-k16-s61071   1000   16  1800.0007   892.9784    0.5565   836.7911  0.0000  359.4865  11666   6804  3502100727
  del-n1000-k16-s61071   1000   16  1800.0006   135.9951    1.3550   853.1060  0.0000  359.3347  11565   6646   561858288
  del-n1000-k16-s61071   1000   16  1800.0004  1258.7382    2.7703   782.3078  0.0000  360.1891  11835   6913  4284726718
  del-n1000-k16-s61071   1000   16  1800.0005   759.1810    1.2146   562.8983  0.0000  347.2942  11630   6680  3726802787
    del-n1000-k16-s801   1000   16  1800.0005   646.4626    4.1005  1092.9638  0.0000  359.9383   8982   3954  1332710065
    del-n1000-k16-s801   1000   16  1800.0005   931.3840    2.2247   971.6174  0.0000  349.1783   8878   3787   582937988
    del-n1000-k16-s801   1000   16  1800.0006   278.8746    2.3253   615.2412  0.0000  358.0259   8916   3851  2358698662
    del-n1000-k16-s801   1000   16  1800.0005  1632.1613    2.5910   653.8259  0.0000  365.5328   9077   3960   703166394
    del-n1000-k16-s801   1000   16  1800.0005   832.8603    1.4161   644.8989  0.0000  353.1634   8920   3820  2908746271
    del-n1000-k16-s801   1000   16  1800.0004   916.5324    2.0626   722.0962  0.0000  360.7138   8918   3776  2631443107
    del-n1000-k16-s801   1000   16  1800.0005   227.5008    1.8825  1022.2933  0.0000  346.2995   8939   3783  2892561732
    del-n1000-k16-s801   1000   16  1800.0005   827.6229    2.0047   527.8682  0.0000  351.1477   8926   3805  4021832693
    del-n1000-k16-s801   1000   16  1800.0004   495.9049    1.0173   716.2295  0.0000  356.8410   9078   3937  4260368237
    del-n1000-k16-s801   1000   16  1800.0004   388.0307    3.2161   553.5550  0.0000  355.4234   9024   3853  1994535911
    del-n1000-k5-s2292   1000    5  1800.0013  1208.3143    0.0055   862.6274  0.0000  614.9066  62373  62260  2616840623
    del-n1000-k5-s2292   1000    5  1800.0010    26.6524    0.0090   940.8340  0.0000  615.2651  63261  63121  2596573907
    del-n1000-k5-s2292   1000    5  1800.0012   953.0177    0.0000   893.2929  0.0000  613.5288  62444  62327  2977968100
    del-n1000-k5-s2292   1000    5  1800.0019   621.0536    0.0105   837.1367  0.0000  615.4256  62903  62785   862159722
    del-n1000-k5-s2292   1000    5  1800.0024   811.2041    0.0000   893.2929  0.0000  613.5288  62836  62723    88589253
    del-n1000-k5-s2292   1000    5  1800.0068   307.0584    0.0000   893.2929  0.0000  613.5288  63069  62945  1695752552
    del-n1000-k5-s2292   1000    5  1800.0012  1012.8974    0.0000   893.2929  0.0000  613.5288  63579  63478  4177620622
    del-n1000-k5-s2292   1000    5  1800.0014   449.7182    0.0069   837.1367  0.0000  614.9066  62527  62411  2182583376
    del-n1000-k5-s2292   1000    5  1800.0012   157.6550    0.0070   839.7105  0.0000  614.9066  63484  63359  3837672098
    del-n1000-k5-s2292   1000    5  1800.0013   450.7514    0.0000   893.2929  0.0000  613.5288  62787  62668   208564649
   del-n1000-k5-s54458   1000    5  1800.0010   184.2025    0.2861   805.0385  0.0000  611.0428  45200  44925  2875969181
   del-n1000-k5-s54458   1000    5  1800.0055  1630.0543    0.0000   979.0143  0.0000  610.9109  46006  45778  2223474595
   del-n1000-k5-s54458   1000    5  1800.0011     1.7495    0.3997   850.3807  0.0000  609.2914  46457  46254  2668825453
   del-n1000-k5-s54458   1000    5  1800.0038    28.5674    0.5279   805.0385  0.0000  611.0428  45725  45500  3729312600
   del-n1000-k5-s54458   1000    5  1800.0041  1401.9938    0.3881   850.3807  0.0000  609.2914  46689  46449    17020421
   del-n1000-k5-s54458   1000    5  1800.0010   102.7031    0.5251   900.0280  0.0000  611.0428  46150  45913  2318178307
   del-n1000-k5-s54458   1000    5  1800.0062    95.6143    0.4746   900.0280  0.0000  611.0428  45106  44869  3196297027
   del-n1000-k5-s54458   1000    5  1800.0014  1639.3419    0.0000   979.0143  0.0000  610.9109  45412  45151  2085958657
   del-n1000-k5-s54458   1000    5  1800.0008   648.6644    0.3881   850.3807  0.0000  609.2914  46697  46471  2831130840
   del-n1000-k5-s54458   1000    5  1800.0009  1305.3198    0.3217   850.3807  0.0000  610.9109  45805  45560   184857325
   del-n1000-k5-s59721   1000    5  1800.0016   213.7007    0.0037  1004.7094  0.0000  610.6518  65764  65719   424122163
   del-n1000-k5-s59721   1000    5  1800.0013   495.9743    0.2248   863.2862  0.0000  610.6518  65604  65570  2855489993
   del-n1000-k5-s59721   1000    5  1800.0024    53.8269    0.9914   830.0827  0.0000  610.6518  65652  65623  1912419971
   del-n1000-k5-s59721   1000    5  1800.0013   257.1732    0.5113  1002.0625  0.0000  610.6518  65626  65593   226130663
   del-n1000-k5-s59721   1000    5  1800.0015    19.0558    0.0000   844.4033  0.0000  610.6518  65207  65171  1817573341
   del-n1000-k5-s59721   1000    5  1800.0022   221.6155    0.0000   844.4033  0.0000  610.6518  65748  65719   347303901
   del-n1000-k5-s59721   1000    5  1800.0015   184.9174    0.0079   838.2086  0.0000  610.6518  65317  65281  4115773322
   del-n1000-k5-s59721   1000    5  1800.0014   180.4121    0.2788   830.9709  0.0000  610.6518  65591  65557    44388586
   del-n1000-k5-s59721   1000    5  1800.0014   152.1749    0.0000   838.2086  0.0000  610.6518  64796  64760  3153598965
   del-n1000-k5-s59721   1000    5  1800.0040    19.5868    0.9594  1002.0625  0.0000  610.6518  65177  65148  1290980521
del-n10000-k100-s11912  10000  100  1800.0021   236.0092   14.0216   857.5716  0.0000  195.0672   2039   1067   969548364
del-n10000-k100-s11912  10000  100  1800.0020   396.1687   13.1263   329.3552  0.0000  206.1689   2035   1119    63767920
del-n10000-k100-s11912  10000  100  1800.0024   166.4342   20.0859   667.0294  0.0000  206.4317   2006   1089  4086675641
del-n10000-k100-s11912  10000  100  1800.0022  1550.8992    7.1061   889.3935  0.0000  213.1367   2025   1089  2357760474
del-n10000-k100-s11912  10000  100  1800.0544    75.5211   14.0185   626.9674  0.0000  206.5660   2030   1124  1707323919
del-n10000-k100-s11912  10000  100  1800.0021   768.0027   22.5379   337.4713  0.0000  207.6011   2012   1119  1698542527
del-n10000-k100-s11912  10000  100  1800.0022   157.6528   17.2159   815.6288  0.0000  213.0783   2000   1051  1608961959
del-n10000-k100-s11912  10000  100  1800.0021   510.2540   25.8745   391.2015  0.0000  208.2558   2013   1116   272603477
del-n10000-k100-s11912  10000  100  1800.0004  1466.3606   12.9032   305.8765  0.0000  201.9108   1985   1056   680329331
del-n10000-k100-s11912  10000  100  1800.0419   960.2858   17.2754   391.2015  0.0000  209.6272   1999   1090   128488860
del-n10000-k100-s41105  10000  100  1800.0021  1445.2934    9.8768   311.8817  0.0000  210.7856   1844    859  1451895068
del-n10000-k100-s41105  10000  100  1800.0142   655.3833    7.6590   533.8567  0.0000  208.8262   1845    837  4097455229
del-n10000-k100-s41105  10000  100  1800.0250  1563.9470   19.8940   387.1097  0.0000  197.6786   1854    814   844027918
del-n10000-k100-s41105  10000  100  1800.0018   840.6288   17.7489   644.3469  0.0000  203.9092   1848    859  3470607225
del-n10000-k100-s41105  10000  100  1800.0024  1308.0010   17.8608   291.5739  0.0000  218.6879   1847    832  2449480592
del-n10000-k100-s41105  10000  100  1800.0020   172.3854   12.3965   391.4764  0.0000  195.8770   1861    872   717361437
del-n10000-k100-s41105  10000  100  1800.0020   528.9315   21.1846   434.8076  0.0000  195.1054   1862    890  3313255259
del-n10000-k100-s41105  10000  100  1800.0026   257.7379   11.1633   304.0533  0.0000  203.4425   1869    847  1493646651
del-n10000-k100-s41105  10000  100  1800.0024   584.6234   12.8222   464.8319  0.0000  206.8071   1875    896  3391763918
del-n10000-k100-s41105  10000  100  1800.0022    97.5328    9.6731   319.9681  0.0000  209.0123   1878    893  2050382853
del-n10000-k100-s62397  10000  100  1800.0025  1122.6636    9.2635   487.7576  0.0000  220.8214   1912    896   477124416
del-n10000-k100-s62397  10000  100  1800.0023   137.1117   10.5293   560.3670  0.0000  211.9141   1949    964   137870076
del-n10000-k100-s62397  10000  100  1800.0025   920.0397   13.7352   382.2217  0.0000  215.4127   1929    915  3696373285
del-n10000-k100-s62397  10000  100  1800.0024  1190.9853    9.4688   560.3670  0.0000  199.4278   1945    956  3134297482
del-n10000-k100-s62397  10000  100  1800.0022  1236.4658   17.0572   509.6548  0.0000  216.5609   1914    913   517412533
del-n10000-k100-s62397  10000  100  1800.0024  1039.0151   15.4334   548.4814  0.0000  207.9418   1930    941   229964768
del-n10000-k100-s62397  10000  100  1800.0022    81.6756   15.9013   479.5281  0.0000  218.2067   1928    971    79814845
del-n10000-k100-s62397  10000  100  1800.0023   574.1542   10.0703   574.7140  0.0000  208.1817   1954   1007  3700734114
del-n10000-k100-s62397  10000  100  1800.0021   363.0041    8.3568   430.9504  0.0000  239.0889   1937    952  3631130098
del-n10000-k100-s62397  10000  100  1800.1450  1402.5929    8.2897   560.3670  0.0000  200.0294   1923    916   897801176
 del-n10000-k160-s1986  10000  160  1800.0005   179.6262   27.7399   536.8447  0.0000  423.9021   1432      2  2858378079
 del-n10000-k160-s1986  10000  160  1800.0025   951.7908   34.0470   426.2361  0.0000  319.8553   1429      5  1031562595
 del-n10000-k160-s1986  10000  160  1800.1440   614.3464   31.9241   412.6925  0.0000  293.6254   1428      6   311412131
 del-n10000-k160-s1986  10000  160  1800.0027   585.2337   31.9351   360.7883  0.0000  287.8007   1432      5   194570116
 del-n10000-k160-s1986  10000  160  1800.0027  1249.8329   23.7466   597.1350  0.0000  479.1035   1423      2  3232693369
 del-n10000-k160-s1986  10000  160  1800.0436  1580.4289   20.7644   439.2965  0.0000  316.7992   1432      7  2057581587
 del-n10000-k160-s1986  10000  160  1800.0027    61.4308   32.2455   320.6748  0.0000  237.8418   1417      6  1561312722
 del-n10000-k160-s1986  10000  160  1800.0026   919.2365   30.3047   401.1169  0.0000  339.4228   1432      6  3957373464
 del-n10000-k160-s1986  10000  160  1800.0004   329.2464   23.8710   498.3824  0.0000  429.6661   1449      3  1102398294
 del-n10000-k160-s7151  10000  160  1800.0025   717.3255   32.1112   321.2548  0.0000  214.1125   1341     11   529637865
 del-n10000-k160-s1986  10000  160  1800.0584   198.3196   34.3965   395.6718  0.0000  295.6501   1416     12   343481039
 del-n10000-k160-s7151  10000  160  1800.0152  1565.5304   25.5710   463.0715  0.0000  324.2312   1339     10  2054347402
 del-n10000-k160-s7151  10000  160  1800.0028   619.8703   38.8519   378.7139  0.0000  170.4727   1344     15   704591994
 del-n10000-k160-s7151  10000  160  1800.0028  1372.3367   34.8007   393.6622  0.0000  210.7949   1338      6  4279976839
 del-n10000-k160-s7151  10000  160  1800.0025   535.0959   32.3706   329.7099  0.0000  246.9485   1324     12   384356670
 del-n10000-k160-s7151  10000  160  1800.0598   371.8192   24.2961   497.9362  0.0000  318.1858   1330      8  4000872810
 del-n10000-k160-s7151  10000  160  1800.0027  1530.3781   27.1809   471.4795  0.0000  299.1846   1346     10  2394419463
 del-n10000-k160-s7151  10000  160  1800.0030  1678.7425   31.8458   392.3928  0.0000  269.2319   1336      4  3806282831
 del-n10000-k160-s7151  10000  160  1800.0026   490.2632   29.9125   452.4969  0.0000  347.1418   1343      8  2084150945
 del-n10000-k160-s7151  10000  160  1800.0028   339.8931   35.9095   354.4635  0.0000  217.6922   1337      9  1124149005
 del-n10000-k160-s7725  10000  160  1800.0027   476.0064   27.7792   528.1734  0.0000  158.8839   1457     27    97256512
 del-n10000-k160-s7725  10000  160  1800.0027  1543.9862   20.7184   643.6659  0.0000  210.7487   1455     26  2412803155
 del-n10000-k160-s7725  10000  160  1800.0720  1166.8394   26.9212   734.8376  0.0000  262.1955   1464     27    81322980
 del-n10000-k160-s7725  10000  160  1800.0024   293.4810   24.8241   606.7283  0.0000  260.8298   1428     23  2714004351
 del-n10000-k160-s7725  10000  160  1800.0027  1173.3225   34.6242   344.5757  0.0000  241.2916   1462     23  3292116465
 del-n10000-k160-s7725  10000  160  1800.0026  1324.9111   14.9858   387.3546  0.0000  232.0484   1435     27  3973198522
 del-n10000-k160-s7725  10000  160  1800.0026   488.1802   20.5768   610.1221  0.0000  264.5358   1463     28  3287680547
 del-n10000-k160-s7725  10000  160  1800.0023  1108.3224   36.7970   700.9479  0.0000  293.6054   1433     23  3276506340
 del-n10000-k160-s7725  10000  160  1800.0022   639.9624   25.5208   528.1734  0.0000  291.4550   1444     21  3022090030
 del-n10000-k160-s7725  10000  160  1800.0168  1107.3789   26.5032   691.4367  0.0000  256.8822   1471     25  2107712966
 del-n10000-k50-s13697  10000   50  1800.0301   829.0375   10.9715   399.3231  0.0000  285.6338   2719   2369  2709011150
 del-n10000-k50-s13697  10000   50  1800.0018   377.6273   10.7399   665.0301  0.0000  266.9070   2728   2366   731252010
 del-n10000-k50-s13697  10000   50  1800.0098   574.1395    8.7624   391.7590  0.0000  268.5264   2735   2384  4087114383
 del-n10000-k50-s13697  10000   50  1800.0005  1163.3168   12.8799   373.6256  0.0000  265.5358   2767   2432  2577337526
 del-n10000-k50-s13697  10000   50  1800.0020   932.4546   10.0265   391.7590  0.0000  275.8535   2718   2353   663574400
 del-n10000-k50-s13697  10000   50  1800.0017  1142.4986    9.4207   397.7011  0.0000  262.0374   2729   2377  3930435644
 del-n10000-k50-s13697  10000   50  1800.0015   526.7429    9.7711   510.6684  0.0000  269.9834   2721   2335  3543948174
 del-n10000-k50-s13697  10000   50  1800.0021   423.4720    7.5464   421.5867  0.0000  263.7376   2706   2320   565687911
 del-n10000-k50-s13697  10000   50  1800.0019  1492.7000   11.9810   510.6684  0.0000  282.1613   2750   2390  1965632239
 del-n10000-k50-s13697  10000   50  1800.0021  1058.0616    6.7131   400.4860  0.0000  268.0956   2799   2447   448966418
 del-n10000-k50-s16765  10000   50  1800.0016   652.0557   12.8123   511.5688  0.0000  248.0942   3074   2942   192162934
 del-n10000-k50-s16765  10000   50  1800.0017   420.7049    6.1179   426.4492  0.0000  236.5690   3023   2854  3987748040
 del-n10000-k50-s16765  10000   50  1800.0668  1549.0934   11.8155   430.6902  0.0000  259.1466   3034   2880  2196640391
 del-n10000-k50-s16765  10000   50  1800.0015   831.0314   10.6610   426.4492  0.0000  258.7338   3040   2870  1682218853
 del-n10000-k50-s16765  10000   50  1800.0019  1226.3153    7.4568   419.1196  0.0000  254.7920   3012   2837  1423801294
 del-n10000-k50-s16765  10000   50  1800.0021  1252.7339    4.9790   401.3672  0.0000  268.1231   2997   2830   382213867
 del-n10000-k50-s16765  10000   50  1800.0020  1371.2952   10.4279   511.5688  0.0000  254.2251   3020   2860   293639453
 del-n10000-k50-s16765  10000   50  1800.0018   484.9086    3.4134   518.5039  0.0000  245.6388   3052   2881  3162819726
 del-n10000-k50-s16765  10000   50  1800.0016   413.0083    6.7337   358.3625  0.0000  262.3641   3023   2868  3428582954
 del-n10000-k50-s16765  10000   50  1800.0017   795.4498    6.3781   411.1481  0.0000  253.5460   3034   2865  1565849940
  del-n10000-k50-s2196  10000   50  1800.0020    56.2485    5.0240   504.6961  0.0000  278.9429   3513   3420  3978689229
  del-n10000-k50-s2196  10000   50  1800.0016  1351.7624   13.0891   501.9897  0.0000  317.5509   3475   3374  1229740213
  del-n10000-k50-s2196  10000   50  1800.0017  1657.2533    4.4111   455.4459  0.0000  296.6985   3504   3426  1961897003
  del-n10000-k50-s2196  10000   50  1800.0016   298.6252    5.2194   467.6674  0.0000  303.1930   3502   3429  1166749830
  del-n10000-k50-s2196  10000   50  1800.0018    45.0418    4.1128   517.5946  0.0000  307.2421   3469   3380    19285995
  del-n10000-k50-s2196  10000   50  1800.0016  1732.1296    8.5326   490.3489  0.0000  297.2202   3421   3351  2910732098
  del-n10000-k50-s2196  10000   50  1800.0020  1650.5534    8.4096   450.7081  0.0000  299.7958   3493   3419    73064346
  del-n10000-k50-s2196  10000   50  1800.0017  1610.4451    8.7444   668.8600  0.0000  297.0123   3517   3426  1420643200
  del-n10000-k50-s2196  10000   50  1800.0017  1504.7028    7.2916   502.5864  0.0000  301.6606   3465   3377  2554169212
  del-n10000-k50-s2196  10000   50  1800.0016   689.1598    4.3404   426.7216  0.0000  302.0532   3486   3390   539259787
  del-n2500-k12-s21271   2500   12  1800.0013   965.0603    0.2200   612.4402  0.0000  417.2932  31132  31117  2959216117
  del-n2500-k12-s21271   2500   12  1800.0031   185.4781    0.7951   616.7334  0.0000  416.9615  31091  31076   554871986
  del-n2500-k12-s21271   2500   12  1800.0011  1523.7029    0.0000   723.5355  0.0000  412.2881  30781  30769  1919995600
  del-n2500-k12-s21271   2500   12  1800.0010  1698.8706    0.5797   697.0112  0.0000  419.4451  30970  30951  3276137777
  del-n2500-k12-s21271   2500   12  1800.0169   217.2158    0.2174   814.6836  0.0000  412.3907  31090  31077  1625726020
  del-n2500-k12-s21271   2500   12  1800.0006   218.9485    0.3278   969.9466  0.0000  424.9165  31146  31133   198906460
  del-n2500-k12-s21271   2500   12  1800.0009  1380.7961    0.5629   732.7994  0.0000  414.6471  31069  31055   909744194
  del-n2500-k12-s21271   2500   12  1800.0200  1506.1711    0.3921   960.2913  0.0000  393.0569  31375  31368  3631640197
  del-n2500-k12-s21271   2500   12  1800.0082   657.3939    0.1542   808.2960  0.0000  407.6570  31197  31188  2174362324
  del-n2500-k12-s21271   2500   12  1800.0006   393.0412    0.0005   713.6751  0.0000  415.3715  31125  31115  2544434662
  del-n2500-k12-s48959   2500   12  1800.0008   986.3753    0.5091   902.5494  0.0000  415.3839  25649  25452  1083198012
  del-n2500-k12-s48959   2500   12  1800.0008   466.3482    1.4182   902.5494  0.0000  430.9603  25490  25287   504112986
  del-n2500-k12-s48959   2500   12  1800.0010   392.7545    0.9819   625.0204  0.0000  437.8108  25320  25112  3252149750
  del-n2500-k12-s48959   2500   12  1800.0189  1209.1466    1.2957   782.9696  0.0000  427.6618  25837  25641   686271955
  del-n2500-k12-s48959   2500   12  1800.0009   386.5627    0.0955   653.2718  0.0000  436.2241  25852  25668  1162550428
  del-n2500-k12-s48959   2500   12  1800.0007   874.1094    1.3463   939.4048  0.0000  445.3491  25655  25445  1306820282
  del-n2500-k12-s48959   2500   12  1800.0141  1247.5222    0.8647   632.9009  0.0000  418.5144  25646  25456  1588787603
  del-n2500-k12-s48959   2500   12  1800.0006   579.6548    1.3098   945.2426  0.0000  426.0232  25446  25232   232072127
  del-n2500-k12-s48959   2500   12  1800.0009  1288.2889    0.8205   796.2847  0.0000  433.0899  25360  25166   377571792
  del-n2500-k12-s48959   2500   12  1800.0008   916.8223    1.1477   917.3160  0.0000  429.8787  25531  25322  3779587698
  del-n2500-k12-s57389   2500   12  1800.0204  1197.6303    0.9055   772.9977  0.0000  409.8006  22012  21724   721124578
  del-n2500-k12-s57389   2500   12  1800.0008   399.7963    3.2250   684.6334  0.0000  413.2644  22269  21987  3322846506
  del-n2500-k12-s57389   2500   12  1800.0010   272.0596    1.0487   651.0912  0.0000  404.7954  22120  21835  2469567563
  del-n2500-k12-s57389   2500   12  1800.0176   742.8049    0.3213   675.7346  0.0000  414.9536  22398  22115  3838413834
  del-n2500-k12-s57389   2500   12  1800.0044   811.8358    4.6697   670.9347  0.0000  407.9224  22453  22186  2376905389
  del-n2500-k12-s57389   2500   12  1800.0008   129.4252    2.4397   621.8926  0.0000  410.9864  22431  22159   897227009
  del-n2500-k12-s57389   2500   12  1800.0004   344.1204    0.4265   650.5930  0.0000  420.6090  22309  22054  3884570293
  del-n2500-k12-s57389   2500   12  1800.0005   626.0992    1.5352   735.5661  0.0000  403.3797  22350  22057  2294987686
  del-n2500-k12-s57389   2500   12  1800.0008   629.6672    1.4863   639.3675  0.0000  402.9678  22408  22128  3631930468
  del-n2500-k12-s57389   2500   12  1800.0004   992.9942    2.2157   672.1876  0.0000  400.3518  22242  21964  1988818169
  del-n2500-k25-s25485   2500   25  1800.0172   875.0242    2.8537   557.3385  0.0000  295.9006  12632  10246  3385451859
  del-n2500-k25-s25485   2500   25  1800.0005     3.8849    2.3196   631.3993  0.0000  288.1722  12482  10144  1341606664
  del-n2500-k25-s25485   2500   25  1800.0008  1130.1611    1.9784   504.8877  0.0000  275.9908  12388  10021  2469342281
  del-n2500-k25-s25485   2500   25  1800.0009  1364.2243    4.0018   503.2988  0.0000  301.8770  12542  10240  2807910918
  del-n2500-k25-s25485   2500   25  1800.0009  1535.7174    3.3735   544.4143  0.0000  300.2192  12404  10058  3387055250
  del-n2500-k25-s25485   2500   25  1800.0008    28.7990    2.2550   490.0661  0.0000  291.2465  12647  10343   529595555
  del-n2500-k25-s25485   2500   25  1800.0158   425.6028    4.7990   503.9649  0.0000  306.6897  12769  10461  1337608857
  del-n2500-k25-s25485   2500   25  1800.0009   336.4820    4.8387   712.1616  0.0000  288.3669  12648  10322   255694726
  del-n2500-k25-s25485   2500   25  1800.0003   934.9447    5.0040   786.3074  0.0000  294.9332  12431  10173   332120674
  del-n2500-k25-s25485   2500   25  1800.0008  1148.7189    1.3600   605.2959  0.0000  286.5737  12686  10363  1914183762
  del-n2500-k25-s36465   2500   25  1800.0008  1487.0999    2.9308   585.6528  0.0000  291.3000   9077   6704  3445449793
  del-n2500-k25-s36465   2500   25  1800.0009  1483.4124    4.7001   607.4481  0.0000  284.5669   8921   6578  3194568570
  del-n2500-k25-s36465   2500   25  1800.0008   446.8458    3.0454   573.0358  0.0000  288.2695   8879   6488  1392954424
  del-n2500-k25-s36465   2500   25  1800.0008   701.3158    3.5515   598.1686  0.0000  279.5340   9050   6695  2748702816
  del-n2500-k25-s36465   2500   25  1800.0008   834.6092    3.4939   573.0358  0.0000  282.8392   8969   6608   290125470
  del-n2500-k25-s36465   2500   25  1800.0008  1655.1582    6.0103   573.0358  0.0000  286.9364   8866   6514   911075249
  del-n2500-k25-s36465   2500   25  1800.0008   800.4008    5.4330   567.9521  0.0000  279.7155   8800   6439  2202896306
  del-n2500-k25-s36465   2500   25  1800.0007   575.2563    5.7635   587.2103  0.0000  288.2970   8979   6578   383489697
  del-n2500-k25-s36465   2500   25  1800.0005   283.5364    4.9530   462.1215  0.0000  284.7237   8854   6495  3831485592
  del-n2500-k25-s36465   2500   25  1800.0100  1559.3998    3.3113   590.4183  0.0000  289.1458   8944   6589  3514967906
  del-n2500-k25-s42468   2500   25  1800.0008  1384.5139    5.5954   635.8922  0.0000  316.6984  10318   7827  2184446907
  del-n2500-k25-s42468   2500   25  1800.0008   135.1714    3.7886   503.6134  0.0000  310.6266  10218   7728  1251453534
  del-n2500-k25-s42468   2500   25  1800.0004   586.3386    3.4209   571.6109  0.0000  327.5690  10086   7606  2739712334
  del-n2500-k25-s42468   2500   25  1800.0009   398.2328    2.0486   673.4391  0.0000  297.8661  10161   7709  3533430949
  del-n2500-k25-s42468   2500   25  1800.0009   307.3405    1.0692   667.1468  0.0000  324.7724  10224   7743  1292258218
  del-n2500-k25-s42468   2500   25  1800.0007  1441.4710    1.1916   503.6134  0.0000  314.8057  10129   7650  1949184483
  del-n2500-k25-s42468   2500   25  1800.0003   323.7564    7.5679   669.4018  0.0000  304.3698  10176   7710  3642811027
  del-n2500-k25-s42468   2500   25  1800.0003   734.1541    2.7142   841.8603  0.0000  318.9489  10006   7555  3380496009
  del-n2500-k25-s42468   2500   25  1800.0078   604.9637    2.3648   666.1574  0.0000  324.4893  10066   7592  1482218683
  del-n2500-k25-s42468   2500   25  1800.0004   379.0308    2.2178   695.3640  0.0000  310.7990  10007   7567  1168366731
  del-n2500-k40-s25162   2500   40  1800.0008   402.4277    3.7255   629.6635  0.0000  280.9874   3787    115   199738463
  del-n2500-k40-s25162   2500   40  1800.0008   908.7341   10.6984   590.3150  0.0000  290.2483   3792    120  3127049139
  del-n2500-k40-s25162   2500   40  1800.0007  1655.7703    5.9154   511.2497  0.0000  286.2157   3762    106  3489782102
  del-n2500-k40-s25162   2500   40  1800.0077   424.5300    5.3950   707.5692  0.0000  297.4793   3778    118  4135114019
  del-n2500-k40-s25162   2500   40  1800.0002   924.5720    2.7518   726.8966  0.0000  280.6013   3814    120  3313554204
  del-n2500-k40-s25162   2500   40  1800.0006   268.0074   13.7073   498.3507  0.0000  321.8077   3783    117  1461802004
  del-n2500-k40-s25162   2500   40  1800.0003   254.4731    7.2143   426.3936  0.0000  287.1289   3758     96   426025767
  del-n2500-k40-s25162   2500   40  1800.0002   429.9259    7.3640   726.8966  0.0000  308.2961   3759     99   605418564
  del-n2500-k40-s25162   2500   40  1800.0007   629.4770    6.8820   566.7066  0.0000  301.7505   3780    107  1301858284
  del-n2500-k40-s25162   2500   40  1800.0002  1416.2910    3.8425   546.8912  0.0000  314.4881   3834    119  1150072568
  del-n2500-k40-s37470   2500   40  1800.0008  1478.6385    5.2696   604.8856  0.0000  274.4500   5702   1420  1309495282
  del-n2500-k40-s37470   2500   40  1800.0007    60.2945    6.9552   902.5463  0.0000  265.4408   5727   1408  1896929281
  del-n2500-k40-s37470   2500   40  1800.0109   781.1432    9.4651   548.5749  0.0000  283.5325   5677   1366  1361591570
  del-n2500-k40-s37470   2500   40  1800.0008   865.8885    7.6697   938.1606  0.0000  250.8852   5726   1424  2581088360
  del-n2500-k40-s37470   2500   40  1800.0003  1087.7702    6.1853   800.1570  0.0000  241.5370   5673   1342  2871909756
  del-n2500-k40-s37470   2500   40  1800.0003  1787.2931    5.7014   420.0034  0.0000  228.5408   5730   1406  2515969749
  del-n2500-k40-s37470   2500   40  1800.0008   546.1013    7.3339   533.9970  0.0000  264.1623   5724   1423  2261957844
  del-n2500-k40-s37470   2500   40  1800.0008  1737.6515    2.9394   496.3743  0.0000  276.1577   5702   1427  3087972594
  del-n2500-k40-s37470   2500   40  1800.0007  1313.6892    3.9223   495.0517  0.0000  286.1856   5731   1382  4285317089
  del-n2500-k40-s37470   2500   40  1800.0006   272.9218    3.0152   825.6226  0.0000  273.7539   5644   1332  2484280570
  del-n2500-k40-s43853   2500   40  1800.0007   129.3342   10.3524   457.6383  0.0000  234.2488   6733   2713  2801010107
  del-n2500-k40-s43853   2500   40  1800.0115   405.2415    4.3405   503.2102  0.0000  235.7146   6704   2632  2209251371
  del-n2500-k40-s43853   2500   40  1800.0007  1712.5857    4.4556   767.8976  0.0000  234.5193   6665   2602   733388897
  del-n2500-k40-s43853   2500   40  1800.0007  1527.2045   10.6735   434.8070  0.0000  230.1785   6813   2793   596879394
  del-n2500-k40-s43853   2500   40  1800.0004  1206.9210    2.5674   610.7292  0.0000  241.5752   6745   2689  3746694991
  del-n2500-k40-s43853   2500   40  1800.0003   455.8743    8.1433   601.0686  0.0000  227.8249   6651   2673  3992019566
  del-n2500-k40-s43853   2500   40  1800.0003   895.4972    2.0275   544.5978  0.0000  228.3402   6702   2677  2455707883
  del-n2500-k40-s43853   2500   40  1800.0007   276.5814    9.0730   824.2619  0.0000  241.1763   6687   2683  4126562445
  del-n2500-k40-s43853   2500   40  1800.0008  1235.4725    7.9080   617.5201  0.0000  251.8034   6718   2680   554944180
  del-n2500-k40-s43853   2500   40  1800.0008   779.3732   10.5483   386.7668  0.0000  237.7403   6767   2761  3827731130
  del-n5000-k25-s17706   5000   25  1800.0012    48.7761    3.3988   595.3075  0.0000  339.5054   9461   9267  2222036722
  del-n5000-k25-s17706   5000   25  1800.0011  1400.8070    0.2785   737.6128  0.0000  341.3739   9443   9255  3107874376
  del-n5000-k25-s17706   5000   25  1800.0009  1256.1388    1.7747   648.2218  0.0000  337.4786   9482   9302  2595986833
  del-n5000-k25-s17706   5000   25  1800.0011   631.1592    1.0421   601.9489  0.0000  325.7025   9543   9375  3612112400
  del-n5000-k25-s17706   5000   25  1800.0010   948.1994    2.8962   469.4441  0.0000  331.9675   9511   9329  1008775839
  del-n5000-k25-s17706   5000   25  1800.0010   968.7271    2.2319   555.4918  0.0000  325.3947   9475   9295  3733773050
  del-n5000-k25-s17706   5000   25  1800.0013    21.1264    2.1307   813.1868  0.0000  338.8699   9445   9255  1990233286
  del-n5000-k25-s17706   5000   25  1800.0077  1321.1167    0.9722   693.5711  0.0000  330.5227   9379   9178  3770354056
  del-n5000-k25-s17706   5000   25  1800.0356   265.5936    3.6367   664.1685  0.0000  348.5351   9613   9457  1535534508
  del-n5000-k25-s17706   5000   25  1800.0010   745.8895    3.0758   487.3588  0.0000  316.3597   9380   9190  1632851446
  del-n5000-k25-s39997   5000   25  1800.0010   838.7650    4.0578   568.3822  0.0000  336.3457   9545   9438  2439564674
  del-n5000-k25-s39997   5000   25  1800.0256   843.0949    4.1349   650.3353  0.0000  343.7583   9600   9508   860573163
  del-n5000-k25-s39997   5000   25  1800.0010   481.2419    4.5892   566.1704  0.0000  339.8058   9622   9527  2049144600
  del-n5000-k25-s39997   5000   25  1800.0307    50.9495    1.2451   476.8959  0.0000  324.9436   9572   9469   156715012
  del-n5000-k25-s39997   5000   25  1800.0011  1107.1969    2.7125   547.8074  0.0000  342.6881   9517   9411  1543082446
  del-n5000-k25-s39997   5000   25  1800.0011  1489.4364    2.5616   613.7789  0.0000  304.0519   9555   9449  1362978352
  del-n5000-k25-s39997   5000   25  1800.0011   743.3450    3.2938   522.0744  0.0000  336.3457   9579   9482  2459775399
  del-n5000-k25-s39997   5000   25  1800.0009  1774.4184    4.1695   668.7330  0.0000  336.4257   9558   9473   485788353
  del-n5000-k25-s39997   5000   25  1800.0004    34.7894    2.2929   499.6503  0.0000  330.7195   9550   9461  2039598088
  del-n5000-k25-s39997   5000   25  1800.0011    61.4680    2.8231   894.8256  0.0000  325.6914   9508   9419  1363621102
  del-n5000-k25-s52517   5000   25  1800.0316  1681.4170    2.8583   572.7459  0.0000  314.5031  10320  10195   114273515
  del-n5000-k25-s52517   5000   25  1800.0011  1628.4350    3.6375   505.2019  0.0000  316.2619  10237  10112  2918314707
  del-n5000-k25-s52517   5000   25  1800.0010   212.4943    0.5412   699.2567  0.0000  316.4928  10263  10136  2275319820
  del-n5000-k25-s52517   5000   25  1800.0004   762.6497    0.8920   509.1547  0.0000  327.2003  10358  10240  1069348052
  del-n5000-k25-s52517   5000   25  1800.0009   289.3778    1.8580   686.4242  0.0000  322.0295  10361  10255  3772957472
  del-n5000-k25-s52517   5000   25  1800.0017  1307.1462    1.0450   504.1862  0.0000  316.2984  10360  10242    38031818
  del-n5000-k25-s52517   5000   25  1800.0013   879.0084    2.7564   556.0551  0.0000  314.9918  10301  10161  1375201554
  del-n5000-k25-s52517   5000   25  1800.0370   415.7439    0.8286   566.6939  0.0000  316.5320  10399  10287    40686532
  del-n5000-k25-s52517   5000   25  1800.0110   364.7213    0.4523   718.3601  0.0000  313.3026  10321  10226  2882009001
  del-n5000-k25-s52517   5000   25  1800.0015   462.2355    4.7006   489.8163  0.0000  314.5501  10273  10152  3876666924
  del-n5000-k50-s13975   5000   50  1800.0012   589.3562    5.1746   771.4271  0.0000  263.9158   5278   3496   485494451
  del-n5000-k50-s13975   5000   50  1800.0012   221.0405    4.2170   498.6078  0.0000  252.1115   5428   3619  1606842979
  del-n5000-k50-s13975   5000   50  1800.0013    64.7903   13.3367   771.4271  0.0000  258.9856   5401   3618  2584462724
  del-n5000-k50-s13975   5000   50  1800.0362   883.0637    5.7980   971.7689  0.0000  247.2332   5433   3626  2113093272
  del-n5000-k50-s13975   5000   50  1800.0013   376.7790    7.1447   843.7398  0.0000  257.9581   5377   3602  3123976000
  del-n5000-k50-s13975   5000   50  1800.0227  1684.3709    6.1198   870.7737  0.0000  262.8412   5369   3558  3327083558
  del-n5000-k50-s13975   5000   50  1800.0489   154.4220    4.7710   836.9046  0.0000  246.6318   5449   3689  3275127779
  del-n5000-k50-s13975   5000   50  1800.0389   758.3105    4.0043   995.5235  0.0000  250.6339   5378   3571  3681674975
  del-n5000-k50-s13975   5000   50  1800.0014   853.7658    6.1380   902.9830  0.0000  256.3139   5385   3577  1324069823
  del-n5000-k50-s13975   5000   50  1800.0011   459.5812    8.6620   830.5568  0.0000  240.6422   5364   3533  2781864788
  del-n5000-k50-s23709   5000   50  1800.0014   229.1838    7.0586   496.6484  0.0000  244.2950   5715   4377  1127067302
  del-n5000-k50-s23709   5000   50  1800.0014   803.2905   12.1450   434.5538  0.0000  243.0965   5617   4248  3357805094
  del-n5000-k50-s23709   5000   50  1800.0012  1728.6299   12.2083   436.4354  0.0000  244.2273   5603   4164  4106153045
  del-n5000-k50-s23709   5000   50  1800.0012   780.9775    2.1665   705.1714  0.0000  226.1708   5741   4380  1256027656
  del-n5000-k50-s23709   5000   50  1800.0012   930.0586    6.0098   524.5199  0.0000  237.6085   5714   4335  3588136868
  del-n5000-k50-s23709   5000   50  1800.0011    89.8922    3.2917   527.1152  0.0000  234.6070   5709   4384  3771736146
  del-n5000-k50-s23709   5000   50  1800.0004   988.3938    5.0842   401.5146  0.0000  247.5143   5595   4204  3734863400
  del-n5000-k50-s23709   5000   50  1800.0240   440.5842    6.4451   540.3058  0.0000  228.2889   5763   4402  3987893218
  del-n5000-k50-s23709   5000   50  1800.0011  1233.2286    3.9559   781.4152  0.0000  238.6309   5654   4229  3150528444
  del-n5000-k50-s23709   5000   50  1800.0352  1455.3521    6.3116   402.6016  0.0000  248.5959   5680   4284  2410552749
   del-n5000-k50-s5359   5000   50  1800.0012  1073.8247    7.8456   471.0119  0.0000  265.2283   4333   2313  1169407726
   del-n5000-k50-s5359   5000   50  1800.0317   514.1657   11.7721   593.2049  0.0000  268.2552   4384   2369  1741423431
   del-n5000-k50-s5359   5000   50  1800.0014  1150.9063    8.8492   551.1343  0.0000  271.7754   4402   2413  3956353792
   del-n5000-k50-s5359   5000   50  1800.0013  1085.7279    3.0753   528.7504  0.0000  286.9112   4343   2289  3277660583
   del-n5000-k50-s5359   5000   50  1800.0012  1360.3953    7.6115   440.9109  0.0000  250.6886   4326   2267  3808442631
   del-n5000-k50-s5359   5000   50  1800.0130   449.4106    5.1697   535.1020  0.0000  276.0774   4408   2390  2137725994
   del-n5000-k50-s5359   5000   50  1800.0013  1158.6657    9.9503   634.6440  0.0000  281.2363   4465   2517   404535466
   del-n5000-k50-s5359   5000   50  1800.0016  1313.1624   10.9347   469.6007  0.0000  257.9501   4377   2354  3724162062
   del-n5000-k50-s5359   5000   50  1800.0013  1592.4750    8.5479   492.8541  0.0000  266.9695   4430   2425  2322634326
   del-n5000-k50-s5359   5000   50  1800.0013  1100.7266   11.5763   772.7214  0.0000  271.3553   4352   2282  3361781879
  del-n5000-k80-s23438   5000   80  1800.0012  1540.6253   15.2866   509.5677  0.0000  219.9749   3152    382   111309068
  del-n5000-k80-s23438   5000   80  1800.0004   284.4863   14.3396   463.5708  0.0000  242.5209   3168    416  2548365082
  del-n5000-k80-s23438   5000   80  1800.0015   745.4289   18.6465   458.8067  0.0000  227.5280   3162    405  2690307835
  del-n5000-k80-s23438   5000   80  1800.0013   570.5766   12.8087   421.7005  0.0000  223.0681   3197    407  3162146423
  del-n5000-k80-s23438   5000   80  1800.0003   879.4440   17.6753   479.7831  0.0000  187.2959   3184    414  4208490379
  del-n5000-k80-s23438   5000   80  1800.0003  1620.9169   20.8048   505.4059  0.0000  246.4818   3152    408  1409525183
  del-n5000-k80-s23438   5000   80  1800.0015   801.1464   13.1083   497.8916  0.0000  255.2171   3183    417  3244019098
  del-n5000-k80-s23438   5000   80  1800.0237   660.4817   13.1713   539.9365  0.0000  203.4238   3143    361  1190461657
  del-n5000-k80-s23438   5000   80  1800.0014   966.0452   14.9289   503.9522  0.0000  220.1608   3189    420  1950999659
  del-n5000-k80-s23438   5000   80  1800.0570   941.4391    7.7214   443.6712  0.0000  258.2510   3193    434  2077063565
  del-n5000-k80-s24612   5000   80  1800.0002   935.8049   10.3965   463.3315  0.0000  206.4411   2952    217  4078326995
  del-n5000-k80-s24612   5000   80  1800.0014  1604.2273   10.6224   411.0770  0.0000  218.6949   2945    194   917441383
  del-n5000-k80-s24612   5000   80  1800.0014   344.0949   10.1572   453.7471  0.0000  228.5698   2961    181   188232417
  del-n5000-k80-s24612   5000   80  1800.0011  1273.6146    8.1110   568.2213  0.0000  229.5281   2941    181  4294198849
  del-n5000-k80-s24612   5000   80  1800.0014  1778.2168    7.0932   461.0139  0.0000  217.0960   2958    184  3868254384
  del-n5000-k80-s24612   5000   80  1800.0013    36.6357   16.6053   398.5233  0.0000  210.8696   2927    175  2759474716
  del-n5000-k80-s24612   5000   80  1800.0013  1375.3393    9.4449   492.9457  0.0000  200.7682   2938    182   802025712
  del-n5000-k80-s24612   5000   80  1800.0013  1124.4175   13.5004   480.6219  0.0000  199.5020   2943    187  3319336771
  del-n5000-k80-s24612   5000   80  1800.0011  1456.3039   11.9404   417.9729  0.0000  206.3285   2958    200  1734921899
  del-n5000-k80-s24612   5000   80  1800.0003   352.4856   11.1520   676.0364  0.0000  207.4752   2958    191  1621033251
  del-n5000-k80-s55111   5000   80  1800.0013   115.6690   12.8109   614.1713  0.0000  282.9361   3130    319   389614309
  del-n5000-k80-s55111   5000   80  1800.0014  1750.8286   13.3369   565.3259  0.0000  241.7957   3163    362  3825085265
  del-n5000-k80-s55111   5000   80  1800.0011   616.1262   13.2628   799.4648  0.0000  242.2307   3144    349  1470503773
  del-n5000-k80-s55111   5000   80  1800.0012  1163.8744   13.3771   422.5809  0.0000  215.5242   3124    375  1776313539
  del-n5000-k80-s55111   5000   80  1800.0013   294.6891   14.7509   665.2827  0.0000  252.0294   3155    333  1305608562
  del-n5000-k80-s55111   5000   80  1800.0004   295.9338   10.7430   379.9907  0.0000  254.7730   3163    372  1578087794
  del-n5000-k80-s55111   5000   80  1800.0013   694.8935    9.1882   523.5331  0.0000  247.0146   3170    387  1818472331
  del-n5000-k80-s55111   5000   80  1800.0013  1788.2257   15.0865   565.0944  0.0000  251.1390   3147    363  2885832100
  del-n5000-k80-s55111   5000   80  1800.0012  1380.9260    7.5553   626.2739  0.0000  215.5243   3139    340   866591987
  del-n5000-k80-s55111   5000   80  1800.0011  1250.9160   14.3358   447.6663  0.0000  219.4059   3148    377  1697806796