              instance      n    k       time        ttb  cons_bal   cons_cmp     bal       cmp    repl    feas        seed
   del-n1000-k10-s8165   1000   10  1800.0022   882.9784    0.2899   812.2023  0.0000  409.9947  120706   56797  3554958111
   del-n1000-k10-s8165   1000   10  1800.0021   655.6180    0.7996   534.9285  0.0000  410.1280  120697   56878   478855724
   del-n1000-k10-s8165   1000   10  1800.0022   604.3465    0.4662   800.0527  0.0000  410.0319  120693   56865  4249525113
   del-n1000-k10-s8165   1000   10  1800.0028  1621.5533    0.1993   653.5099  0.0000  410.1280  120337   56355   669721032
   del-n1000-k10-s8165   1000   10  1800.0028   588.5705    0.5132   733.9187  0.0000  409.9947  120563   56400  2326349123
   del-n1000-k10-s8165   1000   10  1800.0022  1747.1332    0.5092   688.5621  0.0000  410.3533  121103   56968  1589652951
   del-n1000-k10-s8165   1000   10  1800.0025  1050.9652    0.6110   645.6276  0.0000  410.3533  120188   56813  4095835715
   del-n1000-k10-s8165   1000   10  1800.0022   486.9623    0.2121   493.7444  0.0000  409.9947  119771   56372  2665241231
   del-n1000-k10-s8165   1000   10  1800.0048   148.0536    0.9089   757.0890  0.0000  410.3533  120404   56179  2392610722
   del-n1000-k10-s8165   1000   10  1800.0022  1461.7690    0.7228   694.8832  0.0000  410.3533  120746   56807  2441661012
  del-n1000-k16-s51680   1000   16  1800.0022  1231.2952    0.6338   618.3870  0.0000  328.9539  110632   31371  3874841689
  del-n1000-k16-s51680   1000   16  1800.0020  1784.8759    2.1003   778.6179  0.0000  328.1304  110193   30913  3773567870
  del-n1000-k16-s51680   1000   16  1800.0019   209.5229    0.3788   826.1962  0.0000  328.0074  110635   31219    10236703
  del-n1000-k16-s51680   1000   16  1800.0020   451.7649    4.1260   831.6811  0.0000  328.0074  110366   31191  3021364291
  del-n1000-k16-s51680   1000   16  1800.0020  1306.6125    1.9653   531.2965  0.0000  332.3248  110688   31452  4258897524
  del-n1000-k16-s51680   1000   16  1800.0019  1707.2737    0.5765   431.5651  0.0000  335.5452  110555   31069   769852936
  del-n1000-k16-s51680   1000   16  1800.0019   948.9733    1.7353   826.1962  0.0000  329.8183  110366   31013  2672057648
  del-n1000-k16-s51680   1000   16  1800.0019    92.9801    2.5446   761.6611  0.0000  327.7469  110559   31284   274397160
  del-n1000-k16-s51680   1000   16  1800.0065  1147.6537    1.0270   654.9810  0.0000  330.0623  110651   31258    24140589
  del-n1000-k16-s51680   1000   16  1800.0020   245.0491    1.1993   414.0133  0.0000  334.1410  110546   31174  2942235340
   del-n1000-k5-s33335   1000    5  1800.0065     0.1892    0.0171   772.3070  0.0000  610.6529  113494  111394  2846730318
   del-n1000-k5-s33335   1000    5  1800.0047     1.0778    0.0368   772.3070  0.0000  610.6529  113547  111454   427127640
   del-n1000-k5-s33335   1000    5  1800.0083     4.7101    0.0368   772.3070  0.0000  610.6529  113667  111681  1909351223
   del-n1000-k5-s33335   1000    5  1800.0016     0.7993    0.0447   775.8180  0.0000  610.6529  113498  111452   556315676
   del-n1000-k5-s33335   1000    5  1800.0022     3.2187    0.0368   772.3070  0.0000  610.6529  113706  111691  3008031640
   del-n1000-k5-s33335   1000    5  1800.0091     4.7294    0.2467   867.0790  0.0000  610.6529  113653  111545  1827751398
   del-n1000-k5-s33335   1000    5  1800.0020     4.3519    0.0447   775.8180  0.0000  610.6529  113825  111724   756796780
   del-n1000-k5-s33335   1000    5  1800.0016     1.6281    0.0447   775.8180  0.0000  610.6529  113692  111570   385427720
   del-n1000-k5-s33335   1000    5  1800.0067     0.4042    0.0447   775.8180  0.0000  610.6529  113851  111779  1348471213
   del-n1000-k5-s33335   1000    5  1800.0058     3.7546    0.0447   775.8180  0.0000  610.6529  114018  111924  2194317031
del-n10000-k100-s46796  10000  100  1800.0015   367.0853   15.6910   296.2742  0.0000  295.0410    4826       0  3280887345
del-n10000-k100-s46796  10000  100  1800.0014  1449.2007   16.0783   380.8972  0.0005  320.0060    4825       0  4258860257
del-n10000-k100-s46796  10000  100  1800.0016  1764.2304   15.6842   478.6336  0.0008  664.6489    4701       0   953095857
del-n10000-k100-s46796  10000  100  1800.0289   869.8219   12.8304   499.1464  0.0022  334.2604    4707       0  1267106336
del-n10000-k100-s46796  10000  100  1800.1061  1345.7338   17.8824   615.3100  0.0010  380.0530    4684       0  2744413093
del-n10000-k100-s46796  10000  100  1800.0016   230.3736    9.7678   563.1070  0.0017  328.9438    4694       0  3635178610
del-n10000-k100-s46796  10000  100  1800.0015   756.6011   15.2720   554.5911  0.0011  437.7940    4694       0  1157645608
del-n10000-k100-s46796  10000  100  1800.0017   784.5086   17.6860   836.0461  0.0014  732.8350    4700       0  2024623746
del-n10000-k100-s46796  10000  100  1800.0015   578.5333   11.7685   350.3406  0.0000  208.6873    4703       1  3036334400
del-n10000-k100-s46796  10000  100  1800.0017   329.4464   13.9308   418.9599  0.0015  320.5425    4720       0   161074338
del-n10000-k160-s41175  10000  160  1800.0955  1376.7591   28.9486   572.0524  0.0475  406.6019    4355       0  1262634158
del-n10000-k160-s41175  10000  160  1800.1235   447.9717   28.9420   247.5094  0.0616  347.4444    4374       0  3723532518
del-n10000-k160-s41175  10000  160  1800.0623  1713.1710   25.1666   270.2545  0.0461  181.5907    4386       0  1563692917
del-n10000-k160-s41175  10000  160  1800.1384  1240.3827   34.9007   307.1369  0.0425  713.8579    4378       0  1013083893
del-n10000-k160-s41175  10000  160  1800.0019   908.7131   28.6311   362.2404  0.0520  183.1585    4383       0  3836038014
del-n10000-k160-s41175  10000  160  1800.0021     5.9224   24.8978   357.1380  0.0301  428.3566    4383       0  3477892930
del-n10000-k160-s41175  10000  160  1800.0020  1261.5210   27.4766   262.7745  0.0794  324.3342    4369       0   459438021
del-n10000-k160-s41175  10000  160  1800.0190  1283.0406   21.4218   341.5012  0.0753  171.9787    4403       0   108112381
del-n10000-k160-s41175  10000  160  1800.1162   297.3723   30.1744   298.8060  0.0661  318.6973    4457       0  3681588661
del-n10000-k160-s41175  10000  160  1800.0002   138.3570   20.3843   313.2166  0.0557  224.3070    4439       0  2018407152
  del-n10000-k50-s4699  10000   50  1800.0011   941.2765    6.7083   334.0876  0.0000  217.3059    5007     531  3004085262
  del-n10000-k50-s4699  10000   50  1800.0013  1195.2908    5.9448   333.3560  0.0000  212.4784    4992     556  1722071099
  del-n10000-k50-s4699  10000   50  1800.0011  1686.5158    7.0845   344.8275  0.0000  223.3994    5059     537  1961917835
  del-n10000-k50-s4699  10000   50  1800.0893   784.1141    4.3283   451.2008  0.0000  207.6217    5044     526  2898207928
  del-n10000-k50-s4699  10000   50  1800.0013  1407.4938    4.2703   330.6866  0.0000  220.3426    5069     513  1530667269
  del-n10000-k50-s4699  10000   50  1800.0760  1375.3275    7.9169   347.2325  0.0000  222.8137    4986     462  3349345840
  del-n10000-k50-s4699  10000   50  1800.0907  1559.9439    6.3471   346.7851  0.0000  223.1618    5055     513   230024186
  del-n10000-k50-s4699  10000   50  1800.1144   721.4678    6.1020   331.3636  0.0000  231.8881    5011     491   708142258
  del-n10000-k50-s4699  10000   50  1800.0579  1014.2148    6.7592   385.1047  0.0000  218.3783    5011     525   761758614
  del-n10000-k50-s4699  10000   50  1800.0011    33.0802    6.2990   391.2675  0.0000  212.0272    4995     495  3920508542
  del-n2500-k12-s12455   2500   12  1800.0167   654.1483    0.5974   535.3225  0.0000  387.8177   35017   33390   736589958
  del-n2500-k12-s12455   2500   12  1800.0222  1608.4252    1.1807   554.1612  0.0000  391.9598   35028   33425  2537337540
  del-n2500-k12-s12455   2500   12  1800.0170    12.2861    0.2975   553.2029  0.0000  389.2198   35167   33586  3548419397
  del-n2500-k12-s12455   2500   12  1800.0008   260.0096    0.6329   584.4373  0.0000  387.3108   35040   33386   815695055
  del-n2500-k12-s12455   2500   12  1800.0010  1336.7466    0.5280   479.3005  0.0000  383.9966   34918   33316  3626831277
  del-n2500-k12-s12455   2500   12  1800.0009    26.5054    0.0115   518.2631  0.0000  390.3154   35122   33499  2579297313
  del-n2500-k12-s12455   2500   12  1800.0119   872.2993    0.6698   494.4013  0.0000  389.7981   35152   33583   318546693
  del-n2500-k12-s12455   2500   12  1800.0009  1311.8691    1.6477   519.1478  0.0000  393.0831   35046   33460  3212980052
  del-n2500-k12-s12455   2500   12  1800.0186   155.8405    0.1304   641.5893  0.0000  388.9502   35094   33493   815734059
  del-n2500-k12-s12455   2500   12  1800.0011  1035.9779    0.6800   504.4419  0.0000  387.5848   35003   33383  2746145638
  del-n2500-k25-s15827   2500   25  1800.0065   906.1865    1.1937   491.4855  0.0000  281.0544   36546   16034  1798184659
  del-n2500-k25-s15827   2500   25  1800.0161  1374.0050    4.0461   717.1130  0.0000  272.2846   36727   16404   394947995
  del-n2500-k25-s15827   2500   25  1800.0012  1494.5370    4.4574  1003.0854  0.0000  276.2507   36683   16250  3813524954
  del-n2500-k25-s15827   2500   25  1800.0012    75.4750    0.9860   415.9876  0.0000  273.1770   36737   16196  2579171774
  del-n2500-k25-s15827   2500   25  1800.0011   572.0953    1.1346   425.8800  0.0000  271.5212   36653   16077  1361833647
  del-n2500-k25-s15827   2500   25  1800.0011  1757.2551    1.4629   520.1125  0.0000  276.7942   36659   16390   982975525
  del-n2500-k25-s15827   2500   25  1800.0010  1569.4232    1.8196   670.0055  0.0000  268.1997   36814   16321   415627963
  del-n2500-k25-s15827   2500   25  1800.0010   582.5897    1.3450   459.9188  0.0000  280.8325   36613   16200   193097326
  del-n2500-k25-s15827   2500   25  1800.0009   978.7789    2.6970  1003.0854  0.0000  274.9241   36690   16142  1867549597
  del-n2500-k25-s15827   2500   25  1800.0009   168.0117    2.4896   606.6743  0.0000  277.8637   36781   16261   432570707
  del-n2500-k40-s32424   2500   40  1800.0009  1397.4052    9.6993   392.3934  0.0000  230.4207   35760     332  3540116430
  del-n2500-k40-s32424   2500   40  1800.0010  1046.7984    3.2929   426.3965  0.0000  245.5148   35830     315  1570540480
  del-n2500-k40-s32424   2500   40  1800.0008  1693.7139    4.6307   469.8892  0.0000  236.1660   35717     308  1035351770
  del-n2500-k40-s32424   2500   40  1800.0008   660.7565    9.3870   381.7271  0.0000  235.4213   35732     344   456264875
  del-n2500-k40-s32424   2500   40  1800.0106  1279.1972    7.4292   389.9320  0.0000  241.5040   35744     301  1226069873
  del-n2500-k40-s32424   2500   40  1800.0008  1593.7309    5.0776   659.8707  0.0000  237.5319   35662     299   660085260
  del-n2500-k40-s32424   2500   40  1800.0008  1645.8772    2.9014   411.2874  0.0000  235.7304   35784     285  1426913098
  del-n2500-k40-s32424   2500   40  1800.0008  1088.7271    4.2587   353.3814  0.0000  238.2811   35741     295  1116109364
  del-n2500-k40-s32424   2500   40  1800.0081   946.1870    5.2473   405.2622  0.0000  229.2614   35719     313  1466456565
  del-n2500-k40-s32424   2500   40  1800.0006   851.6054    6.4084   500.9881  0.0000  227.9033   35763     322   846166763
  del-n5000-k25-s33654   5000   25  1800.0010   581.4525    3.8699   510.9841  0.0000  280.7532   13488    6835  2995865264
  del-n5000-k25-s33654   5000   25  1800.0007    89.6161    4.0679   393.2029  0.0000  285.7220   13479    6778  1610009300
  del-n5000-k25-s33654   5000   25  1800.0208   380.9030    1.3435   472.7998  0.0000  281.8097   13462    6776  3751425566
  del-n5000-k25-s33654   5000   25  1800.0008  1125.2735    1.7221   389.5908  0.0000  286.7957   13446    6782  3085061579
  del-n5000-k25-s33654   5000   25  1800.0008   762.4783    0.6073   477.5632  0.0000  276.8330   13460    6879  3563839523
  del-n5000-k25-s33654   5000   25  1800.0023   682.7857    1.6430   421.2751  0.0000  283.7183   13485    6937  4022687297
  del-n5000-k25-s33654   5000   25  1800.0009  1585.0813    2.3568   462.5801  0.0000  278.8916   13463    6791  1598405856
  del-n5000-k25-s33654   5000   25  1800.0009  1047.0622    1.8882   409.6565  0.0000  290.4017   13409    6803  1107628621
  del-n5000-k25-s33654   5000   25  1800.0158    12.5376    1.4475   452.7029  0.0000  284.4519   13428    6847  2986272888
  del-n5000-k25-s33654   5000   25  1800.0014  1103.4573    3.2593   379.9198  0.0000  283.1882   13428    6881  2400542728
  del-n5000-k50-s49035   5000   50  1800.0009  1573.0226    8.8763   302.7525  0.0000  210.2905   13300     444  3905935193
  del-n5000-k50-s49035   5000   50  1800.0227     3.6576    9.4749   284.5152  0.0000  211.4813   13265     455  3185201669
  del-n5000-k50-s49035   5000   50  1800.0010  1172.2518    3.9733   351.3417  0.0000  212.8409   13295     431  2360250724
  del-n5000-k50-s49035   5000   50  1800.0009   333.5561    3.0448   319.5687  0.0000  212.3137   13228     435  2260485835
  del-n5000-k50-s49035   5000   50  1800.0374   703.4991    3.6484   947.7911  0.0000  207.9223   13277     468  4230992764
  del-n5000-k50-s49035   5000   50  1800.0058  1376.9460    5.1675   351.5666  0.0000  210.9691   13272     411   721619792
  del-n5000-k50-s49035   5000   50  1800.0009  1415.1064   10.3466   485.5102  0.0000  205.2138   13223     429  2114270318
  del-n5000-k50-s49035   5000   50  1800.0008  1778.3908    7.4853   340.9072  0.0000  211.2623   13279     455  1267454126
  del-n5000-k50-s49035   5000   50  1800.0009  1548.8941    7.2862   603.3056  0.0000  219.5877   13181     412  1090590434
  del-n5000-k50-s49035   5000   50  1800.0008  1237.7723    7.9072   371.1102  0.0000  208.0614   13190     409  2743618005
  del-n5000-k80-s37325   5000   80  1800.0010  1478.1439   19.3649   264.0335  0.0024  667.5865   13480       0   360005594
  del-n5000-k80-s37325   5000   80  1800.0010   479.8248   20.3134   387.6188  0.0033  231.3420   13439       0  3222197024
  del-n5000-k80-s37325   5000   80  1800.0004  1169.3245   19.8758   440.7349  0.0008  613.2383   13463       0  1820550904
  del-n5000-k80-s37325   5000   80  1800.0175  1730.7547   15.8978   362.8478  0.0009  235.4505   13431       0  1654116101
  del-n5000-k80-s37325   5000   80  1800.0009    65.5549   16.1917   968.7927  0.0044  819.1040   13468       0  1365692113
  del-n5000-k80-s37325   5000   80  1800.0255  1194.9680   14.2795   373.9487  0.0013  660.8433   13461       0  1704972303
  del-n5000-k80-s37325   5000   80  1800.0002  1532.7670   10.3034   612.5789  0.0012  510.0337   13409       0  2493593734
  del-n5000-k80-s37325   5000   80  1800.0010   233.7155   13.8295   452.9827  0.0040  290.9346   13475       0  2102443958
  del-n5000-k80-s37325   5000   80  1800.0010   666.7861   14.9540   591.9787  0.0037  563.4114   13437       0  1062282684
  del-n5000-k80-s37325   5000   80  1800.0185  1692.4063   14.1093   478.6222  0.0050  310.0461   13464       0  1500805860
  del-n1000-k10-s20090   1000   10  1800.0019   424.6455    1.0382   767.9720  0.0000  407.8059  114761   91230  1477672787
  del-n1000-k10-s20090   1000   10  1800.0062  1665.0209    0.9384   767.9720  0.0000  407.8059  115061   91816  2715009675
  del-n1000-k10-s20090   1000   10  1800.0058  1266.0391    1.3347   740.6497  0.0000  407.8059  115177   91728  3796122352
  del-n1000-k10-s20090   1000   10  1800.0058   292.4017    1.1101   623.4667  0.0000  407.8059  115274   91710  3330569571
  del-n1000-k10-s20090   1000   10  1800.0020    60.0666    0.7092   599.3125  0.0000  411.0753  115127   91401  3616001393
  del-n1000-k10-s20090   1000   10  1800.0020   558.8304    1.2184   705.0627  0.0000  411.0753  114811   91260  1114591078
  del-n1000-k10-s20090   1000   10  1800.0026   473.2754    0.6769   709.7162  0.0000  409.8581  115153   91759  1310652402
  del-n1000-k10-s20090   1000   10  1800.0018    94.9920    1.6440   709.7162  0.0000  407.8059  115062   91695  4178074756
  del-n1000-k10-s20090   1000   10  1800.0021    22.9204    1.7506   650.6089  0.0000  407.8059  115143   91800  1517773805
  del-n1000-k10-s20090   1000   10  1800.0019  1777.9456    0.7125   639.2627  0.0000  407.7668  114974   91593  2470049942
  del-n1000-k10-s21163   1000   10  1800.0040   156.5570    0.4419   615.5251  0.0000  402.4478  119742  105433  1768465364
  del-n1000-k10-s21163   1000   10  1800.0032   543.4673    0.4276   760.0466  0.0000  402.4478  119638  105508  3043505176
  del-n1000-k10-s21163   1000   10  1800.0022    84.3640    0.4172   584.4526  0.0000  402.4478  119918  106015  1095639166
  del-n1000-k10-s21163   1000   10  1800.0018    72.3944    0.4143   499.6004  0.0000  402.4478  119689  105309   626585535
  del-n1000-k10-s21163   1000   10  1800.0034   116.2907    0.8438   492.1437  0.0000  402.4478  120015  105940  2005379140
  del-n1000-k10-s21163   1000   10  1800.0017    32.3870    0.6020   473.9528  0.0000  402.4478  120009  105890  4262627613
  del-n1000-k10-s21163   1000   10  1800.0048   127.2783    0.7075   526.6676  0.0000  402.4478  120339  106305  2205851033
  del-n1000-k10-s21163   1000   10  1800.0056   108.7620    0.5840   526.6676  0.0000  402.4478  119853  105722  2100957028
  del-n1000-k10-s21163   1000   10  1800.0058    24.1080    0.3449   526.6676  0.0000  402.4478  120173  105759  2179351044
  del-n1000-k10-s21163   1000   10  1800.0017   166.7653    0.3540   611.5260  0.0000  402.4478  120192  106058  4276771065
   del-n1000-k10-s8083   1000   10  1800.0072  1716.2849    0.8319   729.2078  0.0000  408.8385  117311  105596  2900547541
   del-n1000-k10-s8083   1000   10  1800.0018  1742.8118    0.8959   690.2646  0.0000  406.2834  117725  105873    70464348
   del-n1000-k10-s8083   1000   10  1800.0031   816.7845    0.1613   599.0491  0.0000  408.8385  117665  105633   522499364
   del-n1000-k10-s8083   1000   10  1800.0017  1366.7443    0.3459   650.7104  0.0000  407.2945  117810  105869  4131586671
   del-n1000-k10-s8083   1000   10  1800.0018   211.8012    1.6046   659.3329  0.0000  408.8385  116969  105070   614017108
   del-n1000-k10-s8083   1000   10  1800.0018  1038.3606    1.1626   694.3439  0.0000  408.8385  117762  106125  2574168245
   del-n1000-k10-s8083   1000   10  1800.0017   486.9101    0.9345   821.1080  0.0000  408.8385  117809  105927  1203151038
   del-n1000-k10-s8083   1000   10  1800.0017    20.1349    0.1787   679.4317  0.0000  412.5190  117791  105938  1758297207
   del-n1000-k10-s8083   1000   10  1800.0043   919.8616    0.8112   589.5019  0.0000  408.1643  117673  105918   464152362
   del-n1000-k10-s8083   1000   10  1800.0018   195.1541    0.0269   584.7107  0.0000  408.8385  117805  105921  1392603494
   del-n1000-k16-s3985   1000   16  1800.0017   782.8139    1.8664   454.4640  0.0000  334.9838  110271   22027  2059649346
   del-n1000-k16-s3985   1000   16  1800.0028   537.7930    2.4739   435.2728  0.0000  333.2364  110321   21882  3791330453
   del-n1000-k16-s3985   1000   16  1800.0018  1680.8566    2.1871   738.7962  0.0000  324.1337  110108   21799   952329490
   del-n1000-k16-s3985   1000   16  1800.0018  1447.9824    3.3009   680.6559  0.0000  331.4291  110583   22125  2357530265
   del-n1000-k16-s3985   1000   16  1800.0017    72.7139    1.0479   631.9484  0.0000  335.1929  109872   21926  1933767947
   del-n1000-k16-s3985   1000   16  1800.0017   326.9260    0.9994   567.4574  0.0000  329.6742  110327   21958  3430878978
   del-n1000-k16-s3985   1000   16  1800.0018   697.0245    1.3931   474.8926  0.0000  336.5813  110681   21856  2005313730
   del-n1000-k16-s3985   1000   16  1800.0018   912.6904    2.8045   583.0645  0.0000  340.3405  110621   21874  3302078748
   del-n1000-k16-s3985   1000   16  1800.0016   142.7057    2.9603   546.9519  0.0000  341.5384  110632   22338  3678975416
   del-n1000-k16-s3985   1000   16  1800.0017  1706.7940    4.4237   563.0593  0.0000  338.0901  110525   22036  2635347075
  del-n1000-k16-s61071   1000   16  1800.0047   744.3838    1.0089   772.4432  0.0000  338.8878  115288   15003  1061796145
  del-n1000-k16-s61071   1000   16  1800.0018   261.2156    2.1971   643.7529  0.0000  343.7636  115391   15102  3454567757
  del-n1000-k16-s61071   1000   16  1800.0016  1294.6754    1.9317   455.7206  0.0000  347.5092  115686   15122  1527730020
  del-n1000-k16-s61071   1000   16  1800.0017  1533.8806    0.5143   668.9603  0.0000  348.9102  114373   14763  2250323368
  del-n1000-k16-s61071   1000   16  1800.0022   817.9714    1.1134   503.7121  0.0000  344.6221  115300   15093  3470919966
  del-n1000-k16-s61071   1000   16  1800.0017   559.1239    1.5875   616.1560  0.0000  338.9901  115096   14890   326263922
  del-n1000-k16-s61071   1000   16  1800.0017  1047.8686    1.9650   578.6358  0.0000  345.0696  115488   14623  1375839083
  del-n1000-k16-s61071   1000   16  1800.0017   595.4133    1.2643   480.0815  0.0000  346.7705  115470   14839  3045615341
  del-n1000-k16-s61071   1000   16  1800.0018  1302.4065    0.3954   487.1333  0.0000  338.7305  114547   14917  3469641919
  del-n1000-k16-s61071   1000   16  1800.0017   433.9852    1.5801   768.8768  0.0000  336.0573  115127   15011  3690870734
    del-n1000-k16-s801   1000   16  1800.0016  1773.7877    1.6435   572.3829  0.0000  349.1045  115083   10772   823189109
    del-n1000-k16-s801   1000   16  1800.0015  1175.5512    2.3094   969.6470  0.0000  346.8175  114872   10784  4274392002
    del-n1000-k16-s801   1000   16  1800.0018  1231.1603    1.3610   735.6250  0.0000  356.8841  115627   10936  2137140804
    del-n1000-k16-s801   1000   16  1800.0017   834.2943    2.3679   477.2296  0.0000  358.0541  115588   10721  4261633225
    del-n1000-k16-s801   1000   16  1800.0018   689.2756    3.3743   514.9644  0.0000  352.5466  115488   10993  1225959534
    del-n1000-k16-s801   1000   16  1800.0016  1500.4911    1.5015   549.6236  0.0000  338.5096  115133   11096   295118521
    del-n1000-k16-s801   1000   16  1800.0018   312.9459    6.0373   673.8945  0.0000  353.5605  115510   10944   956530530
    del-n1000-k16-s801   1000   16  1800.0017  1170.2060    0.8407   728.7461  0.0000  355.3807  115266   11062  2115301677
    del-n1000-k16-s801   1000   16  1800.0045  1788.5605    1.3772   598.2695  0.0000  350.8462  115536   10843  2764620794
    del-n1000-k16-s801   1000   16  1800.0016   582.1260    1.9940   714.7906  0.0000  354.5249  115181   10852  2505212846
    del-n1000-k5-s2292   1000    5  1800.0017    30.9598    0.5448  1032.9043  0.0000  613.5288  120595  120367  1895882241
    del-n1000-k5-s2292   1000    5  1800.0029    87.6276    0.5063  1019.5994  0.0000  613.5288  120673  120418  2505285123
    del-n1000-k5-s2292   1000    5  1800.0020    47.1151    0.4134  1010.8020  0.0000  613.5288  120285  120030  1354365053
    del-n1000-k5-s2292   1000    5  1800.0015     7.4941    0.1135  1022.7052  0.0000  613.5288  119886  119650  1748675634
    del-n1000-k5-s2292   1000    5  1800.0041    59.1289    0.5465  1032.9043  0.0000  613.5288  121023  120779  3198115381
    del-n1000-k5-s2292   1000    5  1800.0016     7.1724    0.1864  1032.9043  0.0000  613.5288  120696  120466  3708669983
    del-n1000-k5-s2292   1000    5  1800.0016    65.7898    0.4814  1011.8280  0.0000  613.5288  120711  120479  4221519489
    del-n1000-k5-s2292   1000    5  1800.0035     2.2725    0.5032  1022.7052  0.0000  613.5288  120795  120556  3164989207
    del-n1000-k5-s2292   1000    5  1800.0022    37.7512    0.4814  1011.8280  0.0000  613.5288  120767  120546  1182927477
    del-n1000-k5-s2292   1000    5  1800.0077    29.5334    0.1600  1022.7052  0.0000  613.5288  120594  120360  2732996365
   del-n1000-k5-s54458   1000    5  1800.0016  1185.1876    0.0252   724.1602  0.0000  607.5036  115792  114957  1709951412
   del-n1000-k5-s54458   1000    5  1800.0014   547.8732    0.0194   778.7002  0.0000  609.5170  115426  114610   814190389
   del-n1000-k5-s54458   1000    5  1800.0021   179.2323    0.0124   879.0218  0.0000  607.0875  115533  114716  3626596914
   del-n1000-k5-s54458   1000    5  1800.0016    15.2887    0.0106  1000.5513  0.0000  611.0428  115520  114715  1130000831
   del-n1000-k5-s54458   1000    5  1800.0035  1061.7725    0.0269   724.1602  0.0000  607.5036  115749  114859  3406773933
   del-n1000-k5-s54458   1000    5  1800.0055   748.1675    0.0151   823.1705  0.0000  609.5170  115587  114763    10486866
   del-n1000-k5-s54458   1000    5  1800.0016  1000.4724    0.0728   995.5143  0.0000  607.0875  115508  114631   737155650
   del-n1000-k5-s54458   1000    5  1800.0059  1069.3656    0.0137   996.1681  0.0000  610.4066  115600  114744  3477687602
   del-n1000-k5-s54458   1000    5  1800.0060   456.1580    0.0203   724.1602  0.0000  607.5036  115073  114292  2340720487
   del-n1000-k5-s54458   1000    5  1800.0016   374.0320    0.0249   879.0218  0.0000  607.5036  115933  115084  3917687280
   del-n1000-k5-s59721   1000    5  1800.0057     2.2942    0.0000   728.7131  0.0000  610.6518  125910  125414    50959560
   del-n1000-k5-s59721   1000    5  1800.0077     0.5599    0.0000   838.1108  0.0000  610.6518  125781  125278  1161956178
   del-n1000-k5-s59721   1000    5  1800.0025     0.1489    0.0376   722.6979  0.0000  610.6518  125949  125428  4067903526
   del-n1000-k5-s59721   1000    5  1800.0023     0.4496    0.0376   722.6979  0.0000  610.6518  125540  125014  1635958448
   del-n1000-k5-s59721   1000    5  1800.0081     0.0919    0.0000   852.1077  0.0000  610.6518  125754  125275  1817945306
   del-n1000-k5-s59721   1000    5  1800.0018     0.3340    0.0376   722.6979  0.0000  610.6518  125697  125164   341970176
   del-n1000-k5-s59721   1000    5  1800.0018     0.4319    0.0074   994.6033  0.0000  610.6518  125572  125092  2148683442
   del-n1000-k5-s59721   1000    5  1800.0017     0.8801    0.0009   968.6425  0.0000  610.6518  125599  125093    12476474
   del-n1000-k5-s59721   1000    5  1800.0092     0.1549    0.0074   994.6033  0.0000  610.6518  125767  125275  2581468038
   del-n1000-k5-s59721   1000    5  1800.0063     0.8258    0.0312   722.6979  0.0000  610.6518  125862  125374  2585486101
del-n10000-k100-s11912  10000  100  1800.0014  1210.5820   14.6235   772.7032  0.0008  671.6562    5078       0  1537875101
del-n10000-k100-s11912  10000  100  1800.0597   449.7601    9.9041   689.3518  0.0000  618.4667    5073       1  4244005515
del-n10000-k100-s11912  10000  100  1800.0016   657.0637   12.4623   732.5290  0.0000  702.6638    4888       1  4032881066
del-n10000-k100-s11912  10000  100  1800.0015    84.0334   12.5627   325.4617  0.0000  686.6816    4967       1  2874980764
del-n10000-k100-s11912  10000  100  1800.0003   595.8562   12.5202   322.5723  0.0000  267.3640    4922       1   904444382
del-n10000-k100-s11912  10000  100  1800.0078   119.0888   16.2371   400.2765  0.0007  255.7793    4929       0  1884663157
del-n10000-k100-s11912  10000  100  1800.0017   685.1376   25.8740   317.4636  0.0004  224.0174    4915       0  1055540389
del-n10000-k100-s11912  10000  100  1800.0015   844.2097   10.0464   801.8929  0.0000  712.4151    4924       1  4004158818
del-n10000-k100-s11912  10000  100  1800.0012   701.7989   13.9662   261.4948  0.0000  217.2225    4918       1  1097915355
del-n10000-k100-s11912  10000  100  1800.0014   816.1555   18.3553   697.3778  0.0000  573.6833    4927       2  2189233445
del-n10000-k100-s41105  10000  100  1800.0015  1269.3727   12.7968   805.6480  0.0002  773.0186    5054       0  2251409603
del-n10000-k100-s41105  10000  100  1800.0988  1187.2824   10.5120   629.0038  0.0002  569.4277    5061       0  4211658678
del-n10000-k100-s41105  10000  100  1800.0014   187.4463   10.4634   680.2191  0.0000  596.7380    5025       1  3864312574
del-n10000-k100-s41105  10000  100  1800.0015  1533.5875   11.2039   236.5964  0.0010  357.2842    5016       0   861328367
del-n10000-k100-s41105  10000  100  1800.0016   464.5153   16.4505   325.8219  0.0006  255.3323    5020       0   201276929
del-n10000-k100-s41105  10000  100  1800.0015  1443.4201   17.8575   509.0137  0.0014  385.8683    4992       0   907032360
del-n10000-k100-s41105  10000  100  1800.0024  1731.8015   17.4028   434.0952  0.0002  313.2662    5047       0  3926417493
del-n10000-k100-s41105  10000  100  1800.0014  1271.4480   15.6296   569.4277  0.0009  413.5550    5041       0  1146800483
del-n10000-k100-s41105  10000  100  1800.0645   817.3689   10.8649   256.3897  0.0006  534.2778    5026       0  1654298061
del-n10000-k100-s41105  10000  100  1800.1148   422.0798   25.3448   360.7547  0.0002  278.4636    5027       0  1921855181
del-n10000-k100-s62397  10000  100  1800.0013   562.7849    9.6916   318.6553  0.0000  207.7528    4961       1  4193728942
del-n10000-k100-s62397  10000  100  1800.0014   979.5066   13.3924   378.9774  0.0007  337.5919    4961       0  2092432293
del-n10000-k100-s62397  10000  100  1800.0015  1024.8823   13.8943   245.8958  0.0000  183.5493    4980       1  3702583286
del-n10000-k100-s62397  10000  100  1800.0015   562.9694   13.3256   440.4600  0.0001  331.9170    4912       0   541491953
del-n10000-k100-s62397  10000  100  1800.0013  1751.1862   15.2438   227.9775  0.0000  167.9204    4959       0  2314463286
del-n10000-k100-s62397  10000  100  1800.1139  1677.0491   15.7332   301.3078  0.0000  350.4592    4950       1  1853795930
del-n10000-k100-s62397  10000  100  1800.0799   253.6099   13.5802   562.0400  0.0000  511.7631    4925       1  1980582562
del-n10000-k100-s62397  10000  100  1800.1177  1016.2391   12.5334   271.4421  0.0002  223.5323    4941       0  1628354887
del-n10000-k100-s62397  10000  100  1800.0015   578.8178    9.7160   576.2488  0.0005  488.0606    4949       0  2133289470
del-n10000-k100-s62397  10000  100  1800.0015  1022.5724   17.6915   476.5740  0.0000  216.1785    4921       2  2079286153
 del-n10000-k160-s1986  10000  160  1800.1056  1786.2926   27.7837   243.5653  0.0779  725.5844    4553       0  3247401163
 del-n10000-k160-s1986  10000  160  1800.0016   389.3799   35.5249   479.3589  0.0818  441.2397    4571       0  2269153811
 del-n10000-k160-s1986  10000  160  1800.0018   153.0236   20.1774   258.1294  0.0667  438.7595    4535       0  2787709214
 del-n10000-k160-s1986  10000  160  1800.0790   518.2979   20.1032   382.8689  0.0856  336.2232    4550       0  2557438210
 del-n10000-k160-s1986  10000  160  1800.0018   295.5150   25.5591   315.0306  0.0621  586.0249    4536       0  1079551219
 del-n10000-k160-s1986  10000  160  1800.0773   398.7820   18.7185   263.6525  0.0645  980.0718    4534       0  2391757065
 del-n10000-k160-s1986  10000  160  1800.0689   792.0267   20.5184   479.3589  0.0563  351.5190    4535       0  3885938756
 del-n10000-k160-s1986  10000  160  1800.0018  1607.4307   36.3307   463.4292  0.0761  396.8464    4536       0  1651783588
 del-n10000-k160-s1986  10000  160  1800.0018   627.6426   23.6436   393.6314  0.0579  363.2540    4520       0  2102905739
 del-n10000-k160-s1986  10000  160  1800.0019  1753.5887   28.3853   240.5440  0.0734  989.6298    4525       0  3852436470
 del-n10000-k160-s7151  10000  160  1800.0160   986.3048   27.0091   303.1824  0.0638  570.0253    4377       0  2901039466
 del-n10000-k160-s7151  10000  160  1800.0017    71.8496   24.3223   265.8610  0.0436  706.1178    4374       0  1561563243
 del-n10000-k160-s7151  10000  160  1800.0007  1798.2913   25.8054   251.1070  0.0870  551.2909    4386       0  1233395514
 del-n10000-k160-s7151  10000  160  1800.0019  1416.2012   29.3591   251.1875  0.0505  568.5323    4395       0  3255725308
 del-n10000-k160-s7151  10000  160  1800.0017    39.7575   22.9210   518.9118  0.0685  423.7660    4381       0  2498875719
 del-n10000-k160-s7151  10000  160  1800.0017   280.6235   26.6815   339.0693  0.0820  270.5033    4388       0  1121261170
 del-n10000-k160-s7151  10000  160  1800.0019  1502.9225   22.7761   266.6294  0.0575  299.4663    4368       0  1343791274
 del-n10000-k160-s7151  10000  160  1800.0018   205.1595   27.8571   363.3247  0.0835  352.7324    4380       0   895547423
 del-n10000-k160-s7151  10000  160  1800.0027   234.0795   24.6889   294.5703  0.0413  155.9606    4378       0  2553979856
 del-n10000-k160-s7151  10000  160  1800.0017  1790.7761   27.3398   308.4770  0.0660  215.9905    4382       0   559213361
 del-n10000-k160-s7725  10000  160  1800.0495   239.1803   22.8124   351.3555  0.0335  386.4712    4870       0   873148356
 del-n10000-k160-s7725  10000  160  1800.0239  1005.1410   19.7952   407.9812  0.0549  339.5696    4854       0  4106229157
 del-n10000-k160-s7725  10000  160  1800.0017   223.4618   23.9863   405.0360  0.0319  192.0909    4844       0   503949281
 del-n10000-k160-s7725  10000  160  1800.0792  1762.0349   30.0030   696.6649  0.0327  642.6430    4856       0  4163751058
 del-n10000-k160-s7725  10000  160  1800.0018   999.1771   19.5516   611.8980  0.0395  572.0524    4844       0  1041648196
 del-n10000-k160-s7725  10000  160  1800.0627  1695.0344   29.3579   333.7173  0.0229  419.6960    4870       0  3735987735
 del-n10000-k160-s7725  10000  160  1800.0018  1658.5024   29.7622   557.7946  0.0307  761.0551    4862       0  2187693889
 del-n10000-k160-s7725  10000  160  1800.0776  1195.3361   25.5926   393.8459  0.0545  396.2297    4864       0  3513782557
 del-n10000-k160-s7725  10000  160  1800.0018   452.6440   33.8461   316.3968  0.0412  191.1260    4873       0  2132983452
 del-n10000-k160-s7725  10000  160  1800.0479  1127.4617   16.7130   330.5102  0.0478  330.5102    4919       0  4126752383
 del-n10000-k50-s13697  10000   50  1800.0011    39.4815    8.8170   302.3121  0.0000  224.8487    4797     358   833159478
 del-n10000-k50-s13697  10000   50  1800.0012  1296.3818    3.0742   331.7069  0.0000  206.2699    4826     362   326596699
 del-n10000-k50-s13697  10000   50  1800.0014   588.2786    6.6124   413.8699  0.0000  226.3786    4787     329  3240696870
 del-n10000-k50-s13697  10000   50  1800.0011  1651.9422    3.7149   349.6297  0.0000  233.4279    4828     379  2449579734
 del-n10000-k50-s13697  10000   50  1800.0593   572.4864    7.2915   523.1577  0.0000  223.4619    4796     370  1255228977
 del-n10000-k50-s13697  10000   50  1800.0012   397.4418    7.8542   321.2170  0.0000  213.9834    4778     347   689899045
 del-n10000-k50-s13697  10000   50  1800.0760   861.1092    6.5538   459.1896  0.0000  232.8280    4833     377  2817811398
 del-n10000-k50-s13697  10000   50  1800.0011   494.3925    3.8547   363.7950  0.0000  214.2087    4814     369  2721911127
 del-n10000-k50-s13697  10000   50  1800.1093   429.6875    3.2047   338.8100  0.0000  213.0822    4789     377  3161666255
 del-n10000-k50-s13697  10000   50  1800.0434   820.2802   11.3455   373.6426  0.0000  231.4192    4810     376  3723487392
 del-n10000-k50-s16765  10000   50  1800.0013  1607.3314    4.9243   366.8906  0.0000  221.6656    4766     567   439072720
 del-n10000-k50-s16765  10000   50  1800.0375  1091.5517    7.3356   376.7550  0.0000  221.4175    4773     552  2136852867
 del-n10000-k50-s16765  10000   50  1800.0012   102.3233    3.3375   300.7616  0.0000  219.2371    4790     583  2628430281
 del-n10000-k50-s16765  10000   50  1800.0109   172.6473    2.4880   374.5808  0.0000  211.5534    4789     578  3172511861
 del-n10000-k50-s16765  10000   50  1800.0012  1351.2678    4.5093   335.1386  0.0000  213.3896    4778     602   911376865
 del-n10000-k50-s16765  10000   50  1800.0011   982.4858    6.0515   317.8059  0.0000  223.4162    4808     583  2538765132
 del-n10000-k50-s16765  10000   50  1800.0010   597.3420    6.0774   333.3692  0.0000  209.8459    4780     554  1357489824
 del-n10000-k50-s16765  10000   50  1800.0011  1431.5462    7.7945   334.0210  0.0000  219.0287    4804     551  3450823050
 del-n10000-k50-s16765  10000   50  1800.0012   115.0261    4.9142   335.9597  0.0000  216.3451    4778     561  2937159243
 del-n10000-k50-s16765  10000   50  1800.0012   351.4731    6.2205   426.4789  0.0000  221.4164    4786     579    15363171
  del-n10000-k50-s2196  10000   50  1800.0012   103.9474    5.5029   508.3181  0.0000  207.8183    5110     705  2036468231
  del-n10000-k50-s2196  10000   50  1800.0011  1588.6223    7.9768   296.0996  0.0000  211.3468    5087     701   104866421
  del-n10000-k50-s2196  10000   50  1800.0011   912.8059    6.9676   373.2130  0.0000  219.9427    5105     716   922393141
  del-n10000-k50-s2196  10000   50  1800.0013   841.1611    4.5332   332.5415  0.0000  222.4990    5128     692   660961033
  del-n10000-k50-s2196  10000   50  1800.0016   837.4668    5.4400   349.2970  0.0000  220.1668    5139     718  2472352437
  del-n10000-k50-s2196  10000   50  1800.0012  1019.4478    3.7388   317.0780  0.0000  207.5054    5113     680  3701171846
  del-n10000-k50-s2196  10000   50  1800.0012   569.2522    1.8557   309.5924  0.0000  215.1859    5113     704  3613121848
  del-n10000-k50-s2196  10000   50  1800.0010  1121.6328    2.2538   384.4882  0.0000  210.6126    5118     711  1385191531
  del-n10000-k50-s2196  10000   50  1800.0010  1295.4308    5.3418   371.1878  0.0000  220.4844    5098     675  1859863266
  del-n10000-k50-s2196  10000   50  1800.0144   492.9413    9.5707   430.6480  0.0000  217.4119    5119     704  2217154836
  del-n2500-k12-s21271   2500   12  1800.0007   641.1793    2.2646   566.4411  0.0000  383.2525   33313   30886   714255496
  del-n2500-k12-s21271   2500   12  1800.0093   850.9156    0.1919   728.4109  0.0000  385.3361   33180   30700  3467324644
  del-n2500-k12-s21271   2500   12  1800.0164   231.9901    0.5127   577.5435  0.0000  388.9639   33292   30900  3079169211
  del-n2500-k12-s21271   2500   12  1800.0229    34.6212    0.1333   563.2671  0.0000  385.2009   33394   30961   799411747
  del-n2500-k12-s21271   2500   12  1800.0007   463.7925    0.5482   669.7013  0.0000  388.6165   33400   30985  4291166557
  del-n2500-k12-s21271   2500   12  1800.0008   102.3598    0.4422   486.2987  0.0000  386.9551   33216   30817  1886878740
  del-n2500-k12-s21271   2500   12  1800.0007  1338.0564    0.4752   612.1434  0.0000  384.8738   33210   30827  2234095491
  del-n2500-k12-s21271   2500   12  1800.0126  1296.0046    0.4917   683.9474  0.0000  382.9677   33295   30802   185311370
  del-n2500-k12-s21271   2500   12  1800.0174  1632.4370    0.3925   605.2867  0.0000  381.5293   33339   30928  2881139680
  del-n2500-k12-s21271   2500   12  1800.0223   294.1670    0.9662   503.9141  0.0000  386.4080   33253   30791   965898741
  del-n2500-k12-s48959   2500   12  1800.0172  1486.5987    0.0000   703.5448  0.0000  386.9095   33061   30573  3732844998
  del-n2500-k12-s48959   2500   12  1800.0218  1340.8594    0.0000   487.7686  0.0000  386.2752   33247   30870  1194740801
  del-n2500-k12-s48959   2500   12  1800.0009  1644.2019    0.1672   720.7409  0.0000  393.1275   33163   30664  2375217544
  del-n2500-k12-s48959   2500   12  1800.0007  1322.2855    0.0122   488.4417  0.0000  387.2075   33138   30710  2467263574
  del-n2500-k12-s48959   2500   12  1800.0007   822.0426    0.1398   616.4756  0.0000  387.5339   33149   30726  1612306832
  del-n2500-k12-s48959   2500   12  1800.0006   544.8644    0.0796   499.7607  0.0000  387.2075   33231   30784  1753010059
  del-n2500-k12-s48959   2500   12  1800.0009  1036.7782    0.4202   473.0998  0.0000  388.6267   33329   30905   422206182
  del-n2500-k12-s48959   2500   12  1800.0007   480.5903    0.2170   601.6832  0.0000  393.7522   33274   30844  1323220212
  del-n2500-k12-s48959   2500   12  1800.0195   596.8279    0.2845   746.6800  0.0000  388.2337   33130   30732   301400408
  del-n2500-k12-s48959   2500   12  1800.0190  1465.3728    0.0414   571.1790  0.0000  387.2075   32983   30600  3791037133
  del-n2500-k12-s57389   2500   12  1800.0009   780.1009    0.1845   713.9577  0.0000  388.9207   32613   29252   815308435
  del-n2500-k12-s57389   2500   12  1800.0020  1272.6719    0.2074   477.9243  0.0000  389.1573   32695   29301  3365739027
  del-n2500-k12-s57389   2500   12  1800.0006  1327.7473    0.2387   606.4368  0.0000  388.5423   32532   29170  4030737185
  del-n2500-k12-s57389   2500   12  1800.0007   879.0409    0.6304   575.4206  0.0000  389.1573   32600   29183  2022759742
  del-n2500-k12-s57389   2500   12  1800.0007  1661.2354    0.1488   610.9195  0.0000  378.0635   32528   29179  1874286692
  del-n2500-k12-s57389   2500   12  1800.0031  1527.7754    2.2848   618.5760  0.0000  389.6842   32609   29243   338847269
  del-n2500-k12-s57389   2500   12  1800.0007  1296.1121    0.2481   489.9359  0.0000  383.6719   32591   29140  1528473765
  del-n2500-k12-s57389   2500   12  1800.0007   642.4720    1.0223   561.4285  0.0000  390.7729   32657   29228   166552752
  del-n2500-k12-s57389   2500   12  1800.0007   832.9944    0.0499   615.4498  0.0000  388.6350   32754   29418  3908032892
  del-n2500-k12-s57389   2500   12  1800.0006   550.5947    0.7105   600.0966  0.0000  388.1542   32680   29213  1262395456
  del-n2500-k25-s25485   2500   25  1800.0009  1584.6406    2.1386   531.0688  0.0000  267.0852   34307   10553  3888682223
  del-n2500-k25-s25485   2500   25  1800.0010   992.9290    0.7707   488.8423  0.0000  264.4920   34355   10351  3477983634
  del-n2500-k25-s25485   2500   25  1800.0178   419.0323    1.1461   435.2793  0.0000  273.1129   34317   10285  2526174796
  del-n2500-k25-s25485   2500   25  1800.0006  1049.8474    1.4289   579.2502  0.0000  267.0860   34323   10376  2286000366
  del-n2500-k25-s25485   2500   25  1800.0008   471.9639    1.3798   554.4909  0.0000  270.7527   34287   10207  3741597172
  del-n2500-k25-s25485   2500   25  1800.0055   869.3544    0.8302   428.2784  0.0000  273.5735   34273   10409  4113807431
  del-n2500-k25-s25485   2500   25  1800.0048  1592.5218    2.0842   604.0434  0.0000  269.3871   34240   10335   519910891
  del-n2500-k25-s25485   2500   25  1800.0011   307.5261    3.7384   404.0850  0.0000  272.1047   34436   10675  2205506166
  del-n2500-k25-s25485   2500   25  1800.0114  1445.2608    4.5814   524.6440  0.0000  271.7881   34396   10485  2616553183
  del-n2500-k25-s25485   2500   25  1800.0009  1731.0627    2.2147   412.2973  0.0000  274.1586   34277   10225  4173234091
  del-n2500-k25-s36465   2500   25  1800.0008   100.6919    2.5768   471.8134  0.0000  272.4735   34800    7917  4002328331
  del-n2500-k25-s36465   2500   25  1800.0009   866.7931    2.0466   372.2741  0.0000  275.0102   34784    8020  3279407506
  del-n2500-k25-s36465   2500   25  1800.0009   908.0157    3.3588   471.9475  0.0000  279.4050   34674    8012  1278278131
  del-n2500-k25-s36465   2500   25  1800.0009   960.2801    2.2339   461.0782  0.0000  268.1833   34711    8075  2525249608
  del-n2500-k25-s36465   2500   25  1800.0009   803.6445    1.4791   646.2668  0.0000  277.1229   34685    7851  2381817628
  del-n2500-k25-s36465   2500   25  1800.0009   606.6620    1.9467   400.7124  0.0000  266.2856   34807    7986  1584745730
  del-n2500-k25-s36465   2500   25  1800.0008    81.4322    3.0855   471.6996  0.0000  275.8778   34646    7962  3498927948
  del-n2500-k25-s36465   2500   25  1800.0009  1388.3958    2.4557   469.5020  0.0000  279.6296   34805    8070  1858055605
  del-n2500-k25-s36465   2500   25  1800.0009   404.0868    2.5467   642.3531  0.0000  280.3306   34661    7953  3995232142
  del-n2500-k25-s36465   2500   25  1800.0010   570.8906    3.0406   582.1471  0.0000  275.0158   34735    7997  3345963066
  del-n2500-k25-s42468   2500   25  1800.0010   741.2984    1.0790   396.9655  0.0000  277.1497   33185    9868  1329154543
  del-n2500-k25-s42468   2500   25  1800.0009   239.8412    2.1979   453.4318  0.0000  269.3535   33178    9771  4112478339
  del-n2500-k25-s42468   2500   25  1800.0070   232.7138    4.8862   398.4114  0.0000  271.4300   33115    9818   342560593
  del-n2500-k25-s42468   2500   25  1800.0012  1710.9898    2.7664   481.3277  0.0000  266.8195   32846    9827  3521359108
  del-n2500-k25-s42468   2500   25  1800.0010   362.4477    2.0050   334.5072  0.0000  275.1836   33209    9935  1234984875
  del-n2500-k25-s42468   2500   25  1800.0008  1032.7664    2.6508   429.7607  0.0000  275.0789   33261    9979  2715423093
  del-n2500-k25-s42468   2500   25  1800.0009  1787.1540    2.5381   487.8674  0.0000  273.5248   33220    9807   376328629
  del-n2500-k25-s42468   2500   25  1800.0050   735.4795    3.7361   456.7395  0.0000  273.9239   33298   10047  4114127791
  del-n2500-k25-s42468   2500   25  1800.0009  1405.1443    2.3580   417.3593  0.0000  272.6015   33318   10110  1643356915
  del-n2500-k25-s42468   2500   25  1800.0072   621.2079    2.8167   364.6269  0.0000  278.1343   33275    9904  1384600589
  del-n2500-k40-s25162   2500   40  1800.0168   878.7264   10.3539   422.5052  0.0000  994.4597   33151       1  1967725513
  del-n2500-k40-s25162   2500   40  1800.0011   111.2380    8.7972   585.4687  0.0000  722.4044   33136       1  3272713975
  del-n2500-k40-s25162   2500   40  1800.0008   221.5462    4.5820   337.5542  0.0000  966.3302   33123       1  4246167185
  del-n2500-k40-s25162   2500   40  1800.0008  1046.7141    7.1627   437.0929  0.0000  810.7273   33035       1   476969908
  del-n2500-k40-s25162   2500   40  1800.0009  1355.3966   11.5439  1094.2874  0.0000  956.4508   33035       1  1368472125
  del-n2500-k40-s25162   2500   40  1800.0008  1727.6288    9.1878   706.1935  0.0011  666.9716   33028       0  3987603966
  del-n2500-k40-s25162   2500   40  1800.0009   263.5549    5.1710   508.2052  0.0000  762.5431   33071       2  4120161045
  del-n2500-k40-s25162   2500   40  1800.0008  1512.1235    9.5292   694.3626  0.0000  569.0211   33098       1  2554781062
  del-n2500-k40-s25162   2500   40  1800.0008   659.3062    8.8060   611.6052  0.0005  719.9674   33115       0  3037690588
  del-n2500-k40-s25162   2500   40  1800.0007   809.2724    7.8110   516.4343  0.0000  456.9810   33046       3  2498581239
  del-n2500-k40-s37470   2500   40  1800.0008   311.0264    8.1129   375.8963  0.0000  276.0825   33098      60  4247834030
  del-n2500-k40-s37470   2500   40  1800.0009   108.1701   10.6893   404.5240  0.0000  258.4966   33143      63  1372016376
  del-n2500-k40-s37470   2500   40  1800.0126   391.6993    6.8419   343.8654  0.0000  254.7495   33092      68  1148201011
  del-n2500-k40-s37470   2500   40  1800.0066  1210.7843   10.1938   475.6338  0.0000  263.2047   33162      69  1376120197
  del-n2500-k40-s37470   2500   40  1800.0008   155.1418    8.0698   391.9530  0.0000  249.9381   33163      62  3358463902
  del-n2500-k40-s37470   2500   40  1800.0007   803.3269    8.0526   672.2165  0.0000  264.0106   33057      63  1028058134
  del-n2500-k40-s37470   2500   40  1800.0090  1715.2416    6.4283   400.1281  0.0000  250.7003   33138      66  1224090519
  del-n2500-k40-s37470   2500   40  1800.0008  1556.2477    6.0462   369.6775  0.0000  261.2854   33213      53  1725355615
  del-n2500-k40-s37470   2500   40  1800.0008    91.4634    8.5269   440.4798  0.0000  267.9322   33068      77  1240888475
  del-n2500-k40-s37470   2500   40  1800.0007  1138.0633    3.1392   333.1344  0.0000  261.7550   33151      68  4118435298
  del-n2500-k40-s43853   2500   40  1800.0012  1356.4476    3.1128   502.1822  0.0000  235.2390   34756     657  3627949036
  del-n2500-k40-s43853   2500   40  1800.0009  1216.3879    6.0671   407.2818  0.0000  228.8864   34796     601  3535484353
  del-n2500-k40-s43853   2500   40  1800.0008  1003.3963    3.8345   506.4906  0.0000  229.9642   34820     639   725487128
  del-n2500-k40-s43853   2500   40  1800.0008  1010.0766    5.9828   372.4660  0.0000  228.5559   34797     657  1826971229
  del-n2500-k40-s43853   2500   40  1800.0008  1758.8618    5.7108   470.5980  0.0000  232.3478   34824     665  1851930432
  del-n2500-k40-s43853   2500   40  1800.0008   652.4050    4.4504   406.5037  0.0000  228.1056   34767     680  3650632088
  del-n2500-k40-s43853   2500   40  1800.0137   553.7452    6.4062   375.7362  0.0000  236.9268   34756     666   997674792
  del-n2500-k40-s43853   2500   40  1800.0043  1102.9032    4.6156   499.9016  0.0000  232.2304   34773     659   389579343
  del-n2500-k40-s43853   2500   40  1800.0008   897.1692    4.2903   461.3459  0.0000  236.2389   34740     669  2362126945
  del-n2500-k40-s43853   2500   40  1800.0008  1778.9297    5.5884   343.0088  0.0000  229.3391   34822     630  2649087668
  del-n5000-k25-s17706   5000   25  1800.0101  1725.6147    4.3683   510.6625  0.0000  280.5386   12957    6179  3953137246
  del-n5000-k25-s17706   5000   25  1800.0432  1358.4701    0.4677   398.1849  0.0000  284.6606   12901    6167  1316349314
  del-n5000-k25-s17706   5000   25  1800.0009   404.5491    1.3267   370.6262  0.0000  276.9663   13012    6173  1774908544
  del-n5000-k25-s17706   5000   25  1800.0011  1049.1818    1.4938   416.8699  0.0000  280.5387   13006    6209  2985324573
  del-n5000-k25-s17706   5000   25  1800.0009   128.9212    2.2572   412.3720  0.0000  288.0602   12924    6048  3279590116
  del-n5000-k25-s17706   5000   25  1800.0007  1600.2409    1.6108   419.0142  0.0000  277.7210   13014    6186  2321646628
  del-n5000-k25-s17706   5000   25  1800.0007   218.3714    2.0643   436.3316  0.0000  280.3153   12915    6126  2218694376
  del-n5000-k25-s17706   5000   25  1800.0009  1542.1169    1.7283   602.1610  0.0000  284.9967   13047    6287  4051912606
  del-n5000-k25-s17706   5000   25  1800.0386    67.3435    2.0485   395.9827  0.0000  284.9594   12984    6141  3008057099
  del-n5000-k25-s17706   5000   25  1800.0140  1153.3054    0.4128   445.1057  0.0000  271.8575   12929    6123  2742788631
  del-n5000-k25-s39997   5000   25  1800.0008   893.1319    2.2093   481.1711  0.0000  278.5768   13113    7131  2576770281
  del-n5000-k25-s39997   5000   25  1800.0009   644.3052    1.7129   443.6443  0.0000  275.0156   13135    7131  2476229352
  del-n5000-k25-s39997   5000   25  1800.0053  1257.9603    2.2305   424.1795  0.0000  276.4695   13072    7289  1906239909
  del-n5000-k25-s39997   5000   25  1800.0008    38.0480    0.3555   405.2013  0.0000  276.6121   13211    7328  3709757841
  del-n5000-k25-s39997   5000   25  1800.0222   323.7012    2.3859   471.8291  0.0000  275.3765   13196    7273  3962620739
  del-n5000-k25-s39997   5000   25  1800.0178  1666.2156    1.5810   834.4614  0.0000  273.5630   13168    7205   188463432
  del-n5000-k25-s39997   5000   25  1800.0007  1221.8160    1.5701   390.2322  0.0000  274.7570   13142    7255  3689532154
  del-n5000-k25-s39997   5000   25  1800.0479    34.0985    0.3187   475.3761  0.0000  272.2335   13157    7275  4156640215
  del-n5000-k25-s39997   5000   25  1800.0008   309.3362    2.0866   374.6123  0.0000  271.3189   13172    7295  2050480656
  del-n5000-k25-s39997   5000   25  1800.0008   277.7250    1.0442   456.5752  0.0000  271.0792   13110    7353   714177263
  del-n5000-k25-s52517   5000   25  1800.0150   617.7946    2.0525   412.3108  0.0000  274.6944   13193    6530   608283408
  del-n5000-k25-s52517   5000   25  1800.0009  1654.0853    2.1239   502.8107  0.0000  278.2793   13156    6626   135221921
  del-n5000-k25-s52517   5000   25  1800.0156   873.0813    1.4912   468.7331  0.0000  271.6602   13087    6480  3879783329
  del-n5000-k25-s52517   5000   25  1800.0192   298.0279    2.8723   324.3506  0.0000  276.8769   13087    6423  2749646018
  del-n5000-k25-s52517   5000   25  1800.0417  1151.9006    0.7336   411.4788  0.0000  268.8803   13163    6572  3699633858
  del-n5000-k25-s52517   5000   25  1800.0011   810.7494    3.0598   402.2314  0.0000  273.2235   13116    6560  3622515190
  del-n5000-k25-s52517   5000   25  1800.0009   421.2680    3.8856   384.8830  0.0000  274.0583   13134    6488  3345632412
  del-n5000-k25-s52517   5000   25  1800.0007    18.1499    1.5640   417.7977  0.0000  278.9662   13166    6540  3247201727
  del-n5000-k25-s52517   5000   25  1800.0354   503.3569    3.5880   478.7430  0.0000  274.7355   13239    6607  3473832457
  del-n5000-k25-s52517   5000   25  1800.0127   944.8031    2.8191   402.9875  0.0000  270.0988   13076    6496  2091904191
  del-n5000-k50-s13975   5000   50  1800.0008  1717.8289    5.1114   366.1734  0.0000  202.7348   14042     544  4060069827
  del-n5000-k50-s13975   5000   50  1800.0008  1637.1781    8.9331   456.7711  0.0000  216.0623   14119     483  3904533077
  del-n5000-k50-s13975   5000   50  1800.0008  1252.5757   10.4394   366.5553  0.0000  215.8654   14146     467  2708042073
  del-n5000-k50-s13975   5000   50  1800.0321  1036.7213   11.4098   317.4985  0.0000  216.0217   14123     494  4234030549
  del-n5000-k50-s13975   5000   50  1800.0335  1499.2785    4.8629   373.1579  0.0000  211.1383   14105     477  1617875489
  del-n5000-k50-s13975   5000   50  1800.0220  1123.4199    6.2439   346.4692  0.0000  230.1006   14121     468   817978258
  del-n5000-k50-s13975   5000   50  1800.0008  1716.4921    5.7513   335.5964  0.0000  229.1652   14109     502  3311397066
  del-n5000-k50-s13975   5000   50  1800.0009  1432.6457    6.9227   383.9768  0.0000  201.6328   14103     487  3325853549
  del-n5000-k50-s13975   5000   50  1800.0009   992.0833    6.6374  1050.2149  0.0000  214.6166   14099     442  2149779792
  del-n5000-k50-s13975   5000   50  1800.0020   990.0821    6.4396   368.5406  0.0000  213.5904   14159     485  1866121290
  del-n5000-k50-s23709   5000   50  1800.0008  1192.0391    9.7226   501.8113  0.0000  208.1673   13207     392  2269448541
  del-n5000-k50-s23709   5000   50  1800.0008   121.2625    3.9165   381.4900  0.0000  213.2223   13242     411  4058226358
  del-n5000-k50-s23709   5000   50  1800.0008  1445.6167    8.8651   357.5295  0.0000  213.0447   13214     371   466347615
  del-n5000-k50-s23709   5000   50  1800.0396   420.2704    5.8931   329.2152  0.0000  210.0246   13192     392  1781112735
  del-n5000-k50-s23709   5000   50  1800.0367   907.3867    4.0554   345.2515  0.0000  216.0098   13210     434  3745748225
  del-n5000-k50-s23709   5000   50  1800.0009   952.2274    5.8033   375.3470  0.0000  203.5432   13283     429  3941205255
  del-n5000-k50-s23709   5000   50  1800.0009   373.5652    6.3301   315.9722  0.0000  210.0667   13189     367  3668028689
  del-n5000-k50-s23709   5000   50  1800.0018  1115.8144    9.0817   404.4405  0.0000  219.5144   13169     392  3587975811
  del-n5000-k50-s23709   5000   50  1800.0008  1471.1434    5.8804   327.3424  0.0000  215.3298   13246     413   974668762
  del-n5000-k50-s23709   5000   50  1800.0236  1526.0456    6.5982   263.6488  0.0000  208.7843   13187     434   588103220
   del-n5000-k50-s5359   5000   50  1800.0008  1585.7661    4.0706   397.2340  0.0000  220.0295   13809     308  4069162688
   del-n5000-k50-s5359   5000   50  1800.0009  1548.0870    4.7493   415.7665  0.0000  234.7675   13805     292   521665640
   del-n5000-k50-s5359   5000   50  1800.0008  1141.5033    9.9478   445.0763  0.0000  234.4797   13828     265  3805487924
   del-n5000-k50-s5359   5000   50  1800.0041   624.3813    8.4442   461.9489  0.0000  222.5845   13867     289  1952860085
   del-n5000-k50-s5359   5000   50  1800.0009   428.2348    2.9243   314.9492  0.0000  213.6360   13877     337  1679030691
   del-n5000-k50-s5359   5000   50  1800.0042  1409.9104    7.2382   540.7739  0.0000  242.6394   13832     308  3494990332
   del-n5000-k50-s5359   5000   50  1800.0320   293.0265    4.8915   343.2267  0.0000  232.8812   13851     283  1946555046
   del-n5000-k50-s5359   5000   50  1800.0009  1577.9803    5.3020   410.7460  0.0000  205.3115   13822     277  3524369491
   del-n5000-k50-s5359   5000   50  1800.0009   177.6947   10.2409   458.7285  0.0000  205.3940   13792     324   265831708
   del-n5000-k50-s5359   5000   50  1800.0217   862.9152    6.3232   482.4430  0.0000  207.5862   13837     315  1305482447
  del-n5000-k80-s23438   5000   80  1800.0299  1239.5900   21.1180   481.6164  0.0011  259.3814   12878       0    86526631
  del-n5000-k80-s23438   5000   80  1800.0321   882.1240   21.7699   366.8347  0.0020  588.8819   12846       0   176747512
  del-n5000-k80-s23438   5000   80  1800.0313    21.1078   17.3062   661.8861  0.0021  322.0417   12846       0  3270310479
  del-n5000-k80-s23438   5000   80  1800.0440   401.6195   12.9376   444.4665  0.0000  289.2420   12850       1  1812697689
  del-n5000-k80-s23438   5000   80  1800.0097  1656.4637   17.6809   503.1828  0.0010  325.2258   12798       0  3891689123
  del-n5000-k80-s23438   5000   80  1800.0009   692.2230   16.2766   393.6862  0.0013  474.5486   12844       0  1239588375
  del-n5000-k80-s23438   5000   80  1800.0400   474.5130   16.1965   587.1741  0.0015  632.4480   12865       0   977920858
  del-n5000-k80-s23438   5000   80  1800.0010   444.9672   12.0577   952.3422  0.0015  388.7491   12805       0  2873058445
  del-n5000-k80-s23438   5000   80  1800.0193   827.1574   14.8140   543.6752  0.0023  294.8149   12856       0  1605624613
  del-n5000-k80-s23438   5000   80  1800.0212   864.2504   16.0444   490.1772  0.0016  756.2136   12805       0  3926824314
  del-n5000-k80-s24612   5000   80  1800.0010   843.3515   13.0296   365.5966  0.0008  297.1322   12915       0  1463422619
  del-n5000-k80-s24612   5000   80  1800.0368  1551.7119   16.2309   390.8164  0.0023  306.0041   12900       0   694313000
  del-n5000-k80-s24612   5000   80  1800.0010   668.6792   15.4355   390.6470  0.0045  399.3407   12905       0  2327710928
  del-n5000-k80-s24612   5000   80  1800.0009   262.9456   19.3620   407.9329  0.0018  524.0450   12947       0  1827058491
  del-n5000-k80-s24612   5000   80  1800.0010   661.0006   15.3063   438.4790  0.0032  354.0339   12896       0  2997000554
  del-n5000-k80-s24612   5000   80  1800.0010   914.9670   18.8324   578.9378  0.0031  574.4129   12917       0  2693655571
  del-n5000-k80-s24612   5000   80  1800.0009  1679.9071   25.5592   338.5187  0.0049  867.1603   12873       0  1406139900
  del-n5000-k80-s24612   5000   80  1800.0009  1632.8619   13.3167   396.1603  0.0008  410.0364   12892       0  3160691325
  del-n5000-k80-s24612   5000   80  1800.0010    30.0836   20.5804   343.3862  0.0010  204.2976   12899       0   293396586
  del-n5000-k80-s24612   5000   80  1800.0016  1318.1058   23.1033   687.0616  0.0020  595.4875   12929       0  3188059332
  del-n5000-k80-s55111   5000   80  1800.0010    53.6526   12.7990   509.7296  0.0008  500.3565   12569       0  2130821997
  del-n5000-k80-s55111   5000   80  1800.0009   394.8521   15.6065   334.5015  0.0000  580.3743   12572       1  3343537091
  del-n5000-k80-s55111   5000   80  1800.0010  1659.2261   11.0027   270.6592  0.0000  195.5631   12606       3  2271636993
  del-n5000-k80-s55111   5000   80  1800.0009  1170.0261   23.6969   444.0730  0.0002  292.5499   12575       0   453308152
  del-n5000-k80-s55111   5000   80  1800.0018   395.4092   16.5131   289.8707  0.0009  426.8720   12570       0  3124253380
  del-n5000-k80-s55111   5000   80  1800.0009  1024.5825   13.6186   353.2919  0.0000  270.5775   12560       1  2919205092
  del-n5000-k80-s55111   5000   80  1800.0010   424.0669   13.1222   469.9671  0.0000  300.6515   12551       1  3842505604
  del-n5000-k80-s55111   5000   80  1800.0009  1578.9307   21.5953   416.6425  0.0004  198.8050   12587       0   467804824
  del-n5000-k80-s55111   5000   80  1800.0065  1659.3040   19.8259   318.8478  0.0002  259.4812   12523       0   888468256
  del-n5000-k80-s55111   5000   80  1800.0015   743.1715   24.8011   285.3606  0.0007  196.1481   12551       0  1398371405