instance    n   k     time      ttb  cons_bal  cons_cmp  bal      cmp  repl  feas        seed
 d500-01  500  10     1800  404.332        NA        NA    0  41.4392   384   384  3753511553
 d500-01  500  10     1800  1671.35        NA        NA    0  41.7724   385   384  2086587533
 d500-01  500  10     1800  27.4672        NA        NA    0  41.8354   384   383  1955899764
 d500-01  500  10     1800  1230.51        NA        NA    0  41.4086   383   383  1406271666
 d500-01  500  10     1800  1744.41        NA        NA    0  40.9505   385   385   316418590
 d500-01  500  10     1800  515.626        NA        NA    0  41.8907   385   385   864566695
 d500-01  500  10  1800.01  112.972        NA        NA    0  41.1549   385   385  3940489194
 d500-01  500  10  1800.01  1139.66        NA        NA    0  42.0388   385   385  1815742899
 d500-01  500  10     1800   1330.4        NA        NA    0   40.914   372   371  3959578836
 d500-01  500  10     1800  1093.95        NA        NA    0  41.5106   371   370   559473005
 d500-02  500  10     1800  891.835        NA        NA    0  41.9848   362   361  2527403767
 d500-02  500  10     1800  490.535        NA        NA    0  42.3098   360   360  1045139273
 d500-02  500  10     1800  642.146        NA        NA    0  42.0229   373   372  2399033129
 d500-02  500  10     1800  1497.82        NA        NA    0  41.9848   374   373   960085727
 d500-02  500  10     1800  1640.43        NA        NA    0  42.5202   373   373  4208172995
 d500-02  500  10     1800  1735.36        NA        NA    0   42.399   373   372  3443222748
 d500-02  500  10     1800  1206.54        NA        NA    0  42.4924   375   375  4133647507
 d500-02  500  10     1800  1399.71        NA        NA    0  42.3098   375   375  1563330877
 d500-02  500  10  1800.01    344.4        NA        NA    0  42.4924   376   376   352104541
 d500-02  500  10     1800  86.8249        NA        NA    0  40.8121   376   375  3092411450
 d500-03  500  10     1800  1771.48        NA        NA    0  47.4611   358   219  1250734725
 d500-03  500  10     1800  1793.32        NA        NA    0  47.4784   360   223  3863597247
 d500-03  500  10     1800  1418.05        NA        NA    0  47.8853   360   246  4034103292
 d500-03  500  10   1800.1  1024.35        NA        NA    0  46.6795   360   222   363296850
 d500-03  500  10  1800.01  175.005        NA        NA    0  48.4603   361   234  2481719352
 d500-03  500  10     1800  1273.68        NA        NA    0  47.2409   360   244  2470126944
 d500-03  500  10     1800  935.681        NA        NA    0  47.0934   360   219  3756969644
 d500-03  500  10  1800.01  590.512        NA        NA    0  47.9727   360   247  3872483194
 d500-03  500  10     1800   1548.7        NA        NA    0   47.394   361   238  2542836344
 d500-03  500  10  1800.01  543.328        NA        NA    0   46.706   360   246   755410977
 d500-04  500  10     1800  416.966        NA        NA    0  44.6303   361   361  3134712208
 d500-04  500  10     1800   491.75        NA        NA    0  44.6303   362   362  1416743563
 d500-04  500  10     1800  1177.04        NA        NA    0  44.7258   362   362   492264535
 d500-04  500  10     1800  1117.59        NA        NA    0   44.315   362   362  1684043656
 d500-04  500  10     1800  426.282        NA        NA    0   43.548   363   362  3060043572
 d500-04  500  10     1800  292.383        NA        NA    0  45.3741   363   362  4022794773
 d500-04  500  10     1800  758.637        NA        NA    0  44.6303   365   364  4133029159
 d500-04  500  10  1800.01  261.179        NA        NA    0  44.5795   364   364   669715628
 d500-04  500  10     1800  1264.46        NA        NA    0  44.6303   364   363   730752625
 d500-04  500  10     1800  1302.71        NA        NA    0  44.6303   364   364  3579052692
 d500-05  500  10     1800  1050.65        NA        NA    0  43.2183   382   381  2534480463
 d500-05  500  10     1800  1530.85        NA        NA    0  42.8903   382   381   814058809
 d500-05  500  10  1800.01  1234.73        NA        NA    0  42.7098   381   381   464969127
 d500-05  500  10     1800  740.104        NA        NA    0   43.467   381   381  2522161438
 d500-05  500  10     1800   320.64        NA        NA    0  42.2218   382   382   497044479
 d500-05  500  10     1800  424.545        NA        NA    0  42.4826   382   381   908495638
 d500-05  500  10     1800  1182.52        NA        NA    0  43.1356   382   382  3027287793
 d500-05  500  10     1800  1362.91        NA        NA    0  42.2915   383   383  2888225738
 d500-05  500  10     1800  1715.61        NA        NA    0  42.1249   382   382  3416020180
 d500-05  500  10     1800  627.229        NA        NA    0  41.8109   384   383   739199432
 d500-06  500  10     1800  1598.38        NA        NA    0  44.2181   372   367   166330591
 d500-06  500  10  1800.01  333.367        NA        NA    0  44.9001   372   366  1772878804
 d500-06  500  10     1800  1771.41        NA        NA    0  45.4316   375   367  3791965525
 d500-06  500  10     1800  1194.19        NA        NA    0  44.0231   374   371  2093957706
 d500-06  500  10     1800  985.908        NA        NA    0  44.2029   374   369   103527496
 d500-06  500  10     1800  1457.76        NA        NA    0  44.0231   375   367  4236232694
 d500-06  500  10     1800  1540.27        NA        NA    0  44.8513   374   367   389199744
 d500-06  500  10     1800  756.903        NA        NA    0  44.9945   375   369  1757998609
 d500-06  500  10     1800  630.523        NA        NA    0  45.4316   376   371  1919633089
 d500-06  500  10     1800  1278.55        NA        NA    0  45.4316   375   371  2716540202
 d500-07  500  10     1800   490.67        NA        NA    0  44.6035   370   369  2272648078
 d500-07  500  10  1800.01  1271.93        NA        NA    0  44.4758   371   370  2960344819
 d500-07  500  10     1800  1360.11        NA        NA    0   43.973   370   369  1176365227
 d500-07  500  10     1800  797.757        NA        NA    0  43.2405   370   370  2495192203
 d500-07  500  10     1800  1687.92        NA        NA    0  44.2727   369   368  2417325713
 d500-07  500  10     1800   1278.1        NA        NA    0   44.552   368   368  3468137477
 d500-07  500  10     1800   1355.3        NA        NA    0  43.5501   367   367   369254891
 d500-07  500  10     1800  1592.67        NA        NA    0  44.1269   368   368  3228928578
 d500-07  500  10     1800  582.462        NA        NA    0  43.8892   369   368  1577907875
 d500-07  500  10     1800   1417.5        NA        NA    0  44.2144   369   369  4126650529
 d500-08  500  10  1800.01   1748.3        NA        NA    0  41.7104   375   375   393372262
 d500-08  500  10  1800.01  381.132        NA        NA    0  42.6339   376   375  1342363712
 d500-08  500  10  1800.01  706.036        NA        NA    0  42.8013   374   374  1934071467
 d500-08  500  10     1800  1461.22        NA        NA    0  41.8839   374   374  2335221153
 d500-08  500  10     1800  1197.87        NA        NA    0  42.6226   373   373  1451643418
 d500-08  500  10  1800.01     1417        NA        NA    0  42.2055   375   374   989402458
 d500-08  500  10     1800  1557.48        NA        NA    0  41.6325   375   374  3632927683
 d500-08  500  10     1800  1288.37        NA        NA    0  41.5738   375   374  1546790317
 d500-08  500  10     1800  1205.62        NA        NA    0  41.7056   375   374  2203576054
 d500-08  500  10     1800   1125.8        NA        NA    0  42.6339   375   374  1911612891
 d500-09  500  10     1800  1229.16        NA        NA    0  42.3338   385   384  1882317001
 d500-09  500  10     1800  1147.22        NA        NA    0   42.927   384   383  2061641597
 d500-09  500  10  1800.01   1169.4        NA        NA    0  42.2753   384   384  1396141183
 d500-09  500  10     1800  1027.77        NA        NA    0  42.5921   384   383  2243698286
 d500-09  500  10     1800  1545.44        NA        NA    0  42.3357   383   382  2595623443
 d500-09  500  10     1800  364.539        NA        NA    0  42.7485   383   382  1646964818
 d500-09  500  10  1800.01   368.14        NA        NA    0  42.0468   383   383  1375161378
 d500-09  500  10     1800  1109.32        NA        NA    0  42.2057   383   382  3055682967
 d500-09  500  10  1800.01  84.3889        NA        NA    0  41.9027   381   381  1035398553
 d500-09  500  10     1800  145.716        NA        NA    0  42.0402   381   381  2492657316
 d500-10  500  10  1800.01    634.3        NA        NA    0  44.1298   362   361  4142529586
 d500-10  500  10     1800  971.306        NA        NA    0  44.0177   360   360   586300113
 d500-10  500  10     1800   1549.2        NA        NA    0  43.9267   362   362  1126683636
 d500-10  500  10     1800  1052.45        NA        NA    0  44.0039   361   361  3630031133
 d500-10  500  10     1800  109.336        NA        NA    0  44.0039   361   361  2154653553
 d500-10  500  10  1800.01   1292.9        NA        NA    0  42.4384   362   361  1269696142
 d500-10  500  10  1800.01  756.662        NA        NA    0  43.3068   361   361   203268031
 d500-10  500  10     1800  329.413        NA        NA    0  43.3131   361   361  3423171651
 d500-10  500  10     1800  355.679        NA        NA    0  44.2008   361   361  1366431032
 d500-10  500  10     1800  1329.38        NA        NA    0  44.0039   361   361  3409759015
 d500-11  500  10     1800  815.555        NA        NA    0  42.0858   384   383  2591648491
 d500-11  500  10  1800.04  1389.66        NA        NA    0  42.3704   384   383   129745643
 d500-11  500  10  1800.01   851.16        NA        NA    0  41.5534   384   384  1364051087
 d500-11  500  10     1800  1114.02        NA        NA    0  43.1694   384   383  1791285982
 d500-11  500  10     1800  51.3574        NA        NA    0  42.5214   385   384   921844860
 d500-11  500  10  1800.01   479.79        NA        NA    0  41.8204   385   384  2870317287
 d500-11  500  10  1800.01  480.254        NA        NA    0  42.1794   384   384   523496994
 d500-11  500  10     1800  1384.48        NA        NA    0  42.5726   384   384  1918263817
 d500-11  500  10     1800  779.186        NA        NA    0  41.8647   383   382  3928445678
 d500-11  500  10     1800   1508.5        NA        NA    0  43.2417   384   383  3712307072
 d500-12  500  10     1800  1102.53        NA        NA    0  42.5168   369   368  3317989845
 d500-12  500  10     1800  1476.94        NA        NA    0  42.4852   369   368  2469300817
 d500-12  500  10     1800  1011.77        NA        NA    0   42.836   370   369  1058594668
 d500-12  500  10     1800  1038.61        NA        NA    0  43.1242   369   369  1336892144
 d500-12  500  10     1800  1784.86        NA        NA    0  42.8294   369   369  3726395961
 d500-12  500  10     1800  549.402        NA        NA    0  42.4327   369   369  3425696137
 d500-12  500  10  1800.01  209.929        NA        NA    0  43.2813   368   368  3426707853
 d500-12  500  10     1800   48.793        NA        NA    0  42.4832   367   367  2932113717
 d500-12  500  10  1800.01  194.877        NA        NA    0  42.5646   368   368  2947078594
 d500-12  500  10     1800   1105.7        NA        NA    0   42.779   369   369  3554188179
 d500-13  500  10     1800   793.82        NA        NA    0  40.7922   396   396  4047747971
 d500-13  500  10     1800  671.598        NA        NA    0   40.758   396   396  3660632411
 d500-13  500  10     1800  118.816        NA        NA    0  41.0536   396   396  2233171874
 d500-13  500  10     1800  888.694        NA        NA    0  41.0536   396   396  3933443997
 d500-13  500  10  1800.01  476.519        NA        NA    0  41.0536   395   395  4093778362
 d500-13  500  10     1800  991.987        NA        NA    0  41.0536   396   396  2252297510
 d500-13  500  10     1800  1342.83        NA        NA    0  41.6224   396   396  3322040967
 d500-13  500  10     1800  1496.35        NA        NA    0  41.0536   396   396  1580653428
 d500-13  500  10  1800.01  717.448        NA        NA    0  41.3114   396   396  2863984672
 d500-13  500  10  1800.01  1548.94        NA        NA    0   40.987   396   395  3140197821
 d500-14  500  10     1800  881.652        NA        NA    0  43.9205   367   367  3306940119
 d500-14  500  10     1800  234.981        NA        NA    0  43.8393   367   367  4183762388
 d500-14  500  10     1800  190.834        NA        NA    0  44.3994   367   367  2304360044
 d500-14  500  10     1800  1721.98        NA        NA    0  43.3706   368   367  2901884537
 d500-14  500  10   1800.1  1736.37        NA        NA    0  44.4242   368   367  3912550543
 d500-14  500  10     1800  1113.06        NA        NA    0  43.7977   367   366  1773091122
 d500-14  500  10  1800.01  1494.42        NA        NA    0  44.4396   368   368   578098819
 d500-14  500  10     1800  1503.49        NA        NA    0  43.7127   365   365  3870728612
 d500-14  500  10     1800  977.475        NA        NA    0   43.904   368   367   851447198
 d500-14  500  10     1800  504.549        NA        NA    0  44.1142   369   368  4243783694
 d500-15  500  10  1800.01  37.4272        NA        NA    0  44.6743   383   382  3403849016
 d500-15  500  10     1800  98.0062        NA        NA    0  43.3503   383   382  1955894645
 d500-15  500  10     1800  1265.09        NA        NA    0  43.5762   383   383   473266504
 d500-15  500  10  1800.01  131.066        NA        NA    0  44.0923   383   382  3169402533
 d500-15  500  10     1800  1666.59        NA        NA    0  43.4073   383   382   427161453
 d500-15  500  10     1800  1271.37        NA        NA    0  43.9191   382   381  2178673576
 d500-15  500  10     1800  600.728        NA        NA    0  43.3967   383   383  3175143179
 d500-15  500  10     1800   885.39        NA        NA    0  43.6166   383   382  3435567965
 d500-15  500  10     1800  1170.13        NA        NA    0  43.7091   385   384  2398453481
 d500-15  500  10     1800  1122.29        NA        NA    0  44.6616   385   384  2751450186
 d500-16  500  10     1800  473.809        NA        NA    0   43.122   389   388   606619548
 d500-16  500  10     1800  1550.02        NA        NA    0  42.3779   389   388  2009658091
 d500-16  500  10     1800  258.299        NA        NA    0  42.3645   390   389  3853749966
 d500-16  500  10     1800  576.396        NA        NA    0   42.533   390   389  1447713666
 d500-16  500  10     1800  765.379        NA        NA    0  42.2433   390   390  1501582957
 d500-16  500  10     1800  404.401        NA        NA    0  42.3779   391   390   839892125
 d500-16  500  10  1800.01  1215.12        NA        NA    0   42.937   389   388  1162109387
 d500-16  500  10     1800  1568.39        NA        NA    0  42.9343   389   388  2236987696
 d500-16  500  10     1800  854.492        NA        NA    0  42.6671   389   389  2693255993
 d500-16  500  10     1800  175.986        NA        NA    0  42.6218   388   388  2687413431
 d500-17  500  10     1800   809.96        NA        NA    0  43.9162   359   359  1206844232
 d500-17  500  10  1800.01  868.359        NA        NA    0  43.8007   360   360    58062815
 d500-17  500  10     1800  489.515        NA        NA    0  43.6143   359   358  1164630405
 d500-17  500  10     1800  913.461        NA        NA    0  44.0122   360   359  2297056665
 d500-17  500  10     1800   968.95        NA        NA    0  42.2572   359   359  3099617798
 d500-17  500  10  1800.01  1452.25        NA        NA    0  42.2897   359   358  3486946332
 d500-17  500  10     1800  1697.29        NA        NA    0  43.7269   359   358  2816770167
 d500-17  500  10     1800   329.96        NA        NA    0  42.3284   359   358  2651302267
 d500-17  500  10     1800  458.275        NA        NA    0  44.0635   357   356  1752219203
 d500-17  500  10  1800.01  1602.89        NA        NA    0  42.4685   357   356  2997814649
 d500-18  500  10     1800  458.594        NA        NA    0  43.0392   392   392   574703515
 d500-18  500  10     1800   759.97        NA        NA    0  43.5979   392   392  2672377112
 d500-18  500  10     1800   377.23        NA        NA    0  43.1765   389   389   409388336
 d500-18  500  10     1800  1472.45        NA        NA    0  43.8169   389   389  3985385122
 d500-18  500  10  1800.01  1653.53        NA        NA    0  44.2237   389   388  2547366251
 d500-18  500  10  1800.01  465.782        NA        NA    0  43.8169   389   388   845175486
 d500-18  500  10     1800  429.477        NA        NA    0  44.2601   389   388  1657279769
 d500-18  500  10     1800  1107.21        NA        NA    0  43.8626   388   387  4179945271
 d500-18  500  10     1800   46.416        NA        NA    0  43.3637   389   388  1930674166
 d500-18  500  10     1800   1111.1        NA        NA    0  44.4277   388   388    18267684
 d500-19  500  10     1800  1424.92        NA        NA    0  42.1859   380   379   243806675
 d500-19  500  10     1800  1672.92        NA        NA    0  43.0921   379   379   621534119
 d500-19  500  10  1800.01  715.129        NA        NA    0  42.0491   379   379  2980540033
 d500-19  500  10     1800     1294        NA        NA    0  42.9429   379   379  1635463562
 d500-19  500  10  1800.01  475.526        NA        NA    0  42.7654   377   377   406668102
 d500-19  500  10     1800  775.389        NA        NA    0  41.8609   377   377  2030041051
 d500-19  500  10     1800  804.837        NA        NA    0  42.5706   377   377  3078949822
 d500-19  500  10     1800  1557.47        NA        NA    0  42.2255   378   378  2171250641
 d500-19  500  10     1800  376.183        NA        NA    0  42.8407   377   377   262708099
 d500-19  500  10     1800  415.087        NA        NA    0  42.9539   377   377  2619956406
 d500-20  500  10     1800  290.175        NA        NA    0  41.4454   372   372  3645690649
 d500-20  500  10     1800  159.095        NA        NA    0  41.5751   373   372   492067369
 d500-20  500  10     1800  1423.76        NA        NA    0  41.4454   370   369  3819061834
 d500-20  500  10  1800.01  446.975        NA        NA    0  41.5773   369   369  1745569388
 d500-20  500  10     1800   1700.2        NA        NA    0  41.4454   370   370  3055789403
 d500-20  500  10     1800   1267.4        NA        NA    0  41.8245   370   369  3814915175
 d500-20  500  10     1800  750.695        NA        NA    0  42.3968   369   368  3000912990
 d500-20  500  10     1800  936.156        NA        NA    0  41.4584   369   368  3759593059
 d500-20  500  10     1800  208.588        NA        NA    0  42.2132   369   368  3942802245
 d500-20  500  10     1800  765.518        NA        NA    0  42.6391   369   368  1240642680