              instance      n    k     time      ttb  cons_bal  cons_cmp          bal      cmp  repl  feas        seed
    del-n1000-k5-s2292   1000    5     1800  109.836        NA        NA            0  621.482    98    98  4045205802
    del-n1000-k5-s2292   1000    5  1800.02  200.175        NA        NA            0  624.421    98    98   554347091
    del-n1000-k5-s2292   1000    5  1800.04  1065.54        NA        NA            0  624.289    98    98  2388381587
    del-n1000-k5-s2292   1000    5  1800.02  1747.09        NA        NA            0  624.289    97    97    48951676
    del-n1000-k5-s2292   1000    5  1800.01  820.733        NA        NA            0  626.838    98    98  4137869862
    del-n1000-k5-s2292   1000    5  1800.02  973.099        NA        NA            0   620.97    99    99  2548609157
    del-n1000-k5-s2292   1000    5  1800.02  1233.21        NA        NA            0  622.179    98    98  1593690549
    del-n1000-k5-s2292   1000    5  1800.02    270.5        NA        NA            0  624.289    99    99  3416580481
    del-n1000-k5-s2292   1000    5  1800.03  873.303        NA        NA            0  624.289    98    98  3881646212
    del-n1000-k5-s2292   1000    5  1800.02  1604.63        NA        NA            0  623.798    98    98  3522880446
   del-n1000-k5-s33335   1000    5  1800.01   1262.8        NA        NA            0  612.022    97    97  1942693833
   del-n1000-k5-s33335   1000    5  1800.01  1245.69        NA        NA            0    614.7    98    98   255017612
   del-n1000-k5-s33335   1000    5  1800.01  1089.22        NA        NA            0  610.653    97    97  1443989503
   del-n1000-k5-s33335   1000    5     1800  900.009        NA        NA            0  616.756    98    98  4145284624
   del-n1000-k5-s33335   1000    5  1800.02  1562.61        NA        NA            0  612.046    97    97  3855395712
   del-n1000-k5-s33335   1000    5  1800.01   1525.2        NA        NA            0   611.93    97    97  2937084938
   del-n1000-k5-s33335   1000    5  1800.02  19.2101        NA        NA            0  611.691    98    98  3005062763
   del-n1000-k5-s33335   1000    5  1800.02  587.108        NA        NA            0    614.7    98    98  3051811608
   del-n1000-k5-s33335   1000    5  1800.03  551.402        NA        NA            0  612.046    97    97  3937099204
   del-n1000-k5-s33335   1000    5     1800  1766.82        NA        NA            0  616.908    97    97    98847325
   del-n1000-k5-s54458   1000    5  1800.02  277.181        NA        NA            0  612.271    92    92   846708339
   del-n1000-k5-s54458   1000    5  1800.01  914.138        NA        NA            0  612.271    93    93    91590979
   del-n1000-k5-s54458   1000    5     1800  1663.33        NA        NA            0  612.034    92    92  1500122348
   del-n1000-k5-s54458   1000    5  1800.03  232.794        NA        NA            0  612.271    91    91  4041082606
   del-n1000-k5-s54458   1000    5  1800.01  1082.06        NA        NA            0  623.316    92    92    34574220
   del-n1000-k5-s54458   1000    5  1800.01   376.18        NA        NA            0  614.008    92    92    65283040
   del-n1000-k5-s54458   1000    5  1800.01  1247.46        NA        NA            0  612.271    92    92  1553455516
   del-n1000-k5-s54458   1000    5  1800.01  175.593        NA        NA            0  614.946    91    91  1361492927
   del-n1000-k5-s54458   1000    5  1800.01  1465.82        NA        NA            0  618.764    93    93  3660563604
   del-n1000-k5-s54458   1000    5  1800.01  1395.73        NA        NA            0  617.798    93    93  2123334020
   del-n1000-k5-s59721   1000    5  1800.01  443.235        NA        NA            0  613.258    98    98  3148382874
   del-n1000-k5-s59721   1000    5  1800.01  1190.83        NA        NA            0  618.422    98    98   359032088
   del-n1000-k5-s59721   1000    5     1800  1037.36        NA        NA            0  618.422    98    98  1639238737
   del-n1000-k5-s59721   1000    5  1800.02  1513.03        NA        NA            0  617.069    97    97  3741953058
   del-n1000-k5-s59721   1000    5  1800.03  1047.66        NA        NA            0  616.368    97    97  3575721605
   del-n1000-k5-s59721   1000    5     1800  181.746        NA        NA            0  615.831    97    97  1947541046
   del-n1000-k5-s59721   1000    5  1800.01  1263.27        NA        NA            0  616.368    98    98  1307686828
   del-n1000-k5-s59721   1000    5  1800.02  1523.59        NA        NA            0  614.223    99    99  2978525191
   del-n1000-k5-s59721   1000    5     1800  383.234        NA        NA            0  610.652    98    98  2187730205
   del-n1000-k5-s59721   1000    5  1800.03  275.171        NA        NA            0  614.223    97    97  4167060793
  del-n1000-k10-s20090   1000   10  1800.01  141.559        NA        NA            0  458.356   110   110   710794454
  del-n1000-k10-s20090   1000   10  1800.01  62.1476        NA        NA            0  450.535   110   110   837534765
  del-n1000-k10-s20090   1000   10  1800.01  1078.43        NA        NA            0  446.939   109   109  2446821297
  del-n1000-k10-s20090   1000   10  1800.01  897.164        NA        NA            0  457.357   110   110  2415291751
  del-n1000-k10-s20090   1000   10  1800.01  439.961        NA        NA            0   449.81   101   101  3563727800
  del-n1000-k10-s20090   1000   10  1800.01  582.699        NA        NA            0  448.928   101   101  1396983859
  del-n1000-k10-s20090   1000   10  1800.01  1512.97        NA        NA            0  448.868   101   101  4177975424
  del-n1000-k10-s20090   1000   10  1800.02  934.298        NA        NA            0  446.712   101   101  1052618510
  del-n1000-k10-s20090   1000   10  1800.01  1390.91        NA        NA            0  449.217   100   100  2294363357
  del-n1000-k10-s20090   1000   10  1800.01  443.035        NA        NA            0  455.038   101   101  3012518306
  del-n1000-k10-s21163   1000   10  1800.01  1369.14        NA        NA            0   460.02   101   101  1441059358
  del-n1000-k10-s21163   1000   10     1800  321.534        NA        NA            0  448.651   101   101  3405756089
  del-n1000-k10-s21163   1000   10     1800  1281.06        NA        NA            0  444.803   100   100  3679418424
  del-n1000-k10-s21163   1000   10  1800.01  1214.17        NA        NA            0  454.725   100   100  3982873855
  del-n1000-k10-s21163   1000   10  1800.01   408.16        NA        NA            0  447.173   100   100  1952365407
  del-n1000-k10-s21163   1000   10  1800.02  586.364        NA        NA            0   448.91   100   100  2459532776
  del-n1000-k10-s21163   1000   10  1800.02  413.035        NA        NA            0  452.293    99    99  4179226694
  del-n1000-k10-s21163   1000   10  1800.02  862.922        NA        NA            0  456.455    99    99  4035478915
  del-n1000-k10-s21163   1000   10  1800.01  1292.23        NA        NA            0  458.051   100   100    55405383
  del-n1000-k10-s21163   1000   10  1800.01  17.7652        NA        NA            0  460.546    99    99   959873330
   del-n1000-k10-s8083   1000   10     1800  1633.32        NA        NA            0  442.222   100   100  1826274399
   del-n1000-k10-s8083   1000   10  1800.01  431.347        NA        NA            0  442.288   100   100  4109869152
   del-n1000-k10-s8083   1000   10     1800  504.169        NA        NA            0  447.995   100   100  1757513579
   del-n1000-k10-s8083   1000   10  1800.01  1686.13        NA        NA            0  449.162   100   100   720412382
   del-n1000-k10-s8083   1000   10  1800.04  1136.04        NA        NA            0  443.739    99    99  3624383136
   del-n1000-k10-s8083   1000   10  1800.01  1424.54        NA        NA            0  439.544    99    99  1217181046
   del-n1000-k10-s8083   1000   10     1800  1694.37        NA        NA            0   434.36   100   100  4040801832
   del-n1000-k10-s8083   1000   10  1800.02  1762.37        NA        NA            0  441.633   100   100  4095809826
   del-n1000-k10-s8083   1000   10  1800.01     1776        NA        NA            0   440.17   100   100  2553458844
   del-n1000-k10-s8083   1000   10  1800.01  1006.48        NA        NA            0  446.622   100   100  3770609377
   del-n1000-k10-s8165   1000   10  1800.02   863.84        NA        NA            0  451.774    97    97  3044073591
   del-n1000-k10-s8165   1000   10  1800.01  1108.34        NA        NA            0  452.664    97    97  1118579153
   del-n1000-k10-s8165   1000   10     1800  91.4239        NA        NA            0  457.437    98    98  2442004305
   del-n1000-k10-s8165   1000   10  1800.01  475.631        NA        NA            0  449.279    98    98  2919451244
   del-n1000-k10-s8165   1000   10  1800.01  843.445        NA        NA            0  449.279    98    98  1650737830
   del-n1000-k10-s8165   1000   10  1800.02  456.798        NA        NA            0  448.679    98    98  4116692854
   del-n1000-k10-s8165   1000   10  1800.01  1349.36        NA        NA            0  455.041    98    98   667009087
   del-n1000-k10-s8165   1000   10  1800.03  293.251        NA        NA            0  452.604    98    98  2030445182
   del-n1000-k10-s8165   1000   10  1800.01  1186.59        NA        NA            0  453.945    98    98  3612665053
   del-n1000-k10-s8165   1000   10  1800.28  199.385        NA        NA            0  454.532    99    99    38402794
   del-n1000-k16-s3985   1000   16  1800.03  1354.01        NA        NA            0  390.368    86    86  1635340407
   del-n1000-k16-s3985   1000   16     1800  207.795        NA        NA            0  402.643    86    86  2625406188
   del-n1000-k16-s3985   1000   16  1800.03  1123.05        NA        NA            0  381.143    86    86  4081379484
   del-n1000-k16-s3985   1000   16  1800.01  166.468        NA        NA            0  388.546    86    86  2179970507
   del-n1000-k16-s3985   1000   16  1800.01  1285.12        NA        NA            0  385.829    86    86  2799818246
   del-n1000-k16-s3985   1000   16  1800.02  166.301        NA        NA            0  399.592    86    86  3220252369
   del-n1000-k16-s3985   1000   16  1800.01  730.131        NA        NA            0  397.862    86    86  3644948004
   del-n1000-k16-s3985   1000   16  1800.01  392.138        NA        NA            0  393.066    87    87  2363249888
   del-n1000-k16-s3985   1000   16     1800  910.425        NA        NA            0  400.251    87    87   549056290
   del-n1000-k16-s3985   1000   16  1800.03  1389.65        NA        NA            0  389.539    86    86  3049212511
  del-n1000-k16-s51680   1000   16  1800.02  1331.38        NA        NA            0  396.062    87    87  3250893557
  del-n1000-k16-s51680   1000   16  1800.03  965.226        NA        NA            0   386.73    87    87  1558595748
  del-n1000-k16-s51680   1000   16  1800.02  287.409        NA        NA            0  393.605    87    87  3382905707
  del-n1000-k16-s51680   1000   16     1800  1309.66        NA        NA            0  401.204    87    87  3956903078
  del-n1000-k16-s51680   1000   16  1800.03  1147.14        NA        NA            0   395.72    87    87  1185124642
  del-n1000-k16-s51680   1000   16     1800  1130.33        NA        NA            0  393.729    87    87  2171484031
  del-n1000-k16-s51680   1000   16  1800.02  905.386        NA        NA            0  393.862    87    87   370853573
  del-n1000-k16-s51680   1000   16  1800.01  836.429        NA        NA            0   390.27    88    88   167973478
  del-n1000-k16-s51680   1000   16  1800.01  1064.85        NA        NA            0   395.28    88    88   121909220
  del-n1000-k16-s51680   1000   16  1800.05  122.099        NA        NA            0  398.199    88    88  3603083196
  del-n1000-k16-s61071   1000   16  1800.02  546.817        NA        NA            0  397.944    89    89  2572017139
  del-n1000-k16-s61071   1000   16  1800.03  483.295        NA        NA            0  406.532    89    89  2645044281
  del-n1000-k16-s61071   1000   16  1800.01  1571.35        NA        NA            0   403.67    89    89  2128021382
  del-n1000-k16-s61071   1000   16  1800.01  826.809        NA        NA            0  400.342    89    89  3209277450
  del-n1000-k16-s61071   1000   16  1800.01  682.043        NA        NA            0  399.144    89    89  3756558662
  del-n1000-k16-s61071   1000   16  1800.01  543.864        NA        NA            0  402.695    89    89  3213442921
  del-n1000-k16-s61071   1000   16  1800.02  80.2372        NA        NA            0  406.532    89    89  2271689060
  del-n1000-k16-s61071   1000   16  1800.01  40.6792        NA        NA            0  412.708    89    89  4183174924
  del-n1000-k16-s61071   1000   16  1800.01  122.226        NA        NA            0  403.051    88    88   189950204
  del-n1000-k16-s61071   1000   16  1800.01  1240.63        NA        NA            0  403.227    88    88  2953597057
    del-n1000-k16-s801   1000   16  1800.01  1064.87        NA        NA            0  397.935    86    86  1409358124
    del-n1000-k16-s801   1000   16  1800.01  978.774        NA        NA            0  399.727    86    86  1890637617
    del-n1000-k16-s801   1000   16  1800.01  20.3437        NA        NA            0  396.752    86    86   681421547
    del-n1000-k16-s801   1000   16     1800  1475.36        NA        NA            0  403.991    86    86  3127074618
    del-n1000-k16-s801   1000   16  1800.02  1075.66        NA        NA            0  411.879    87    87   185540542
    del-n1000-k16-s801   1000   16     1800  1019.61        NA        NA            0  399.587    86    86   946341293
    del-n1000-k16-s801   1000   16  1800.02  291.283        NA        NA            0  388.214    86    86  2225982221
    del-n1000-k16-s801   1000   16  1800.01   1581.7        NA        NA            0  407.212    86    86  4095551887
    del-n1000-k16-s801   1000   16  1800.03  687.354        NA        NA            0  393.342    86    86   626241972
    del-n1000-k16-s801   1000   16  1800.01  1063.15        NA        NA            0  404.357    86    86  3947398543
  del-n2500-k12-s12455   2500   12  1800.03  497.603        NA        NA            0  436.731    28    28   108792375
  del-n2500-k12-s12455   2500   12  1800.03  1465.03        NA        NA            0  417.765    28    28  1586343555
  del-n2500-k12-s12455   2500   12  1800.03  182.986        NA        NA            0  444.895    28    28  3474428307
  del-n2500-k12-s12455   2500   12  1800.05  1018.44        NA        NA            0  428.938    28    28   683029355
  del-n2500-k12-s12455   2500   12  1800.07  1752.18        NA        NA            0  444.728    27    27   585033961
  del-n2500-k12-s12455   2500   12  1800.07  451.087        NA        NA            0  436.966    27    27  2687746897
  del-n2500-k12-s12455   2500   12  1800.07  319.727        NA        NA            0  440.933    27    27  3577480593
  del-n2500-k12-s12455   2500   12  1800.01  1424.46        NA        NA            0  440.512    27    27  3721895222
  del-n2500-k12-s12455   2500   12  1800.09  1162.92        NA        NA            0  449.305    27    27  3997480755
  del-n2500-k12-s12455   2500   12  1800.06  1674.71        NA        NA            0   444.69    27    27   286962466
  del-n2500-k12-s21271   2500   12  1800.04  826.366        NA        NA            0  434.868    28    28   724263533
  del-n2500-k12-s21271   2500   12  1800.04  1022.92        NA        NA            0  431.746    28    28  1643671591
  del-n2500-k12-s21271   2500   12  1800.03  836.834        NA        NA            0  433.894    27    27  1970991147
  del-n2500-k12-s21271   2500   12  1800.03  639.623        NA        NA            0  444.231    28    28  3667749691
  del-n2500-k12-s21271   2500   12  1800.04  765.405        NA        NA            0  426.237    28    28  2547869110
  del-n2500-k12-s21271   2500   12  1800.03  1209.66        NA        NA            0  426.167    28    28  3648999998
  del-n2500-k12-s21271   2500   12  1800.04  1272.06        NA        NA            0  437.579    28    28   812150932
  del-n2500-k12-s21271   2500   12  1800.07  442.465        NA        NA            0   428.75    28    28  3775651127
  del-n2500-k12-s21271   2500   12  1800.04  256.908        NA        NA            0  435.466    28    28  3637272630
  del-n2500-k12-s21271   2500   12  1800.01  64.0909        NA        NA            0  425.641    28    28  2621939829
  del-n2500-k12-s48959   2500   12  1800.07  797.862        NA        NA            0  436.447    27    27   953152080
  del-n2500-k12-s48959   2500   12  1800.05  1456.86        NA        NA            0  452.181    27    27  3712541372
  del-n2500-k12-s48959   2500   12  1800.03  990.816        NA        NA            0  448.884    27    27  2526691486
  del-n2500-k12-s48959   2500   12  1800.04  263.853        NA        NA            0  425.818    27    27   725020659
  del-n2500-k12-s48959   2500   12  1800.03  1123.46        NA        NA            0  445.507    27    27  2906336283
  del-n2500-k12-s48959   2500   12  1800.06  199.357        NA        NA            0  428.854    27    27  4201054576
  del-n2500-k12-s48959   2500   12  1800.02  1517.91        NA        NA            0   433.09    27    27   441857327
  del-n2500-k12-s48959   2500   12  1800.03  1122.94        NA        NA            0  448.875    27    27  2101347376
  del-n2500-k12-s48959   2500   12  1800.01  1195.83        NA        NA            0  444.741    27    27  3603305782
  del-n2500-k12-s48959   2500   12  1800.01   1185.7        NA        NA            0  454.255    27    27  1293364499
  del-n2500-k12-s57389   2500   12  1800.01  1410.41        NA        NA            0  422.799    28    28  2313944544
  del-n2500-k12-s57389   2500   12  1800.04  515.498        NA        NA            0  434.011    28    28   747261656
  del-n2500-k12-s57389   2500   12  1800.01  1212.44        NA        NA            0  436.728    28    28  2387746279
  del-n2500-k12-s57389   2500   12  1800.01  1150.13        NA        NA            0  438.703    28    28  4202555753
  del-n2500-k12-s57389   2500   12  1800.03  956.895        NA        NA            0  432.305    28    28  1666699247
  del-n2500-k12-s57389   2500   12  1800.02   1792.4        NA        NA            0  439.539    28    28  1677571494
  del-n2500-k12-s57389   2500   12  1800.07  1086.48        NA        NA            0  440.859    28    28  3331502029
  del-n2500-k12-s57389   2500   12  1800.05  257.651        NA        NA            0  442.189    28    28   676086142
  del-n2500-k12-s57389   2500   12  1800.02  1086.93        NA        NA            0  442.028    28    28  3544514306
  del-n2500-k12-s57389   2500   12  1800.03  571.055        NA        NA            0  442.535    28    28  2809649236
  del-n2500-k25-s15827   2500   25  1800.09  1305.41        NA        NA            0   347.22    23    23   536541836
  del-n2500-k25-s15827   2500   25  1800.07  456.244        NA        NA            0   342.76    23    23   972977154
  del-n2500-k25-s15827   2500   25  1800.08  76.9261        NA        NA            0  352.831    23    23  2377381744
  del-n2500-k25-s15827   2500   25  1800.07     1536        NA        NA            0  342.194    23    23  2730055005
  del-n2500-k25-s15827   2500   25  1800.05  1377.11        NA        NA            0  343.325    23    23  1041470747
  del-n2500-k25-s15827   2500   25  1800.08  1072.33        NA        NA            0  338.517    23    23   911513063
  del-n2500-k25-s15827   2500   25  1800.09  1800.09        NA        NA            0  330.786    23    23  2025837497
  del-n2500-k25-s15827   2500   25  1800.11  1800.11        NA        NA            0  340.273    23    23  3726870364
  del-n2500-k25-s15827   2500   25  1800.01  1452.89        NA        NA            0  342.408    23    23  2020783213
  del-n2500-k25-s15827   2500   25  1800.14  918.096        NA        NA            0  359.026    23    23  1707581127
  del-n2500-k25-s25485   2500   25  1800.02  1800.02        NA        NA            0  346.853    23    23   731113205
  del-n2500-k25-s25485   2500   25  1800.06  756.714        NA        NA            0  350.059    23    23  1739435964
  del-n2500-k25-s25485   2500   25  1800.09  1432.22        NA        NA            0  331.981    23    23  3995824137
  del-n2500-k25-s25485   2500   25  1800.04  983.807        NA        NA            0  329.993    23    23  3192976867
  del-n2500-k25-s25485   2500   25  1800.09  1594.35        NA        NA            0   322.43    23    23  1496846634
  del-n2500-k25-s25485   2500   25  1800.02  1512.61        NA        NA            0  338.091    23    23  4161776882
  del-n2500-k25-s25485   2500   25  1800.03  1134.58        NA        NA            0  332.421    23    23  1513885643
  del-n2500-k25-s25485   2500   25  1800.05  151.715        NA        NA            0  337.913    23    23  3954792802
  del-n2500-k25-s25485   2500   25  1800.05  1439.83        NA        NA            0  335.195    23    23  2532729735
  del-n2500-k25-s25485   2500   25  1800.04  1056.35        NA        NA            0  319.655    23    23   919109559
  del-n2500-k25-s36465   2500   25  1800.01  1086.87        NA        NA            0  337.378    23    23  4266141765
  del-n2500-k25-s36465   2500   25  1800.01  1629.11        NA        NA            0  347.135    23    23  3960808806
  del-n2500-k25-s36465   2500   25  1800.04  544.881        NA        NA            0  323.625    23    23   154570221
  del-n2500-k25-s36465   2500   25  1800.01  1394.55        NA        NA            0  332.039    23    23  3767123810
  del-n2500-k25-s36465   2500   25  1800.06  466.233        NA        NA            0  345.292    23    23  1805016406
  del-n2500-k25-s36465   2500   25  1800.01  849.903        NA        NA            0  343.386    23    23  1087242406
  del-n2500-k25-s36465   2500   25  1800.03  309.585        NA        NA            0  343.095    23    23  2763005344
  del-n2500-k25-s36465   2500   25  1800.05  1631.19        NA        NA            0  326.964    23    23  1349522454
  del-n2500-k25-s36465   2500   25  1800.01  309.114        NA        NA            0  340.637    23    23  1502259859
  del-n2500-k25-s36465   2500   25  1800.02  1011.21        NA        NA            0  345.854    23    23  2006630628
  del-n2500-k25-s42468   2500   25  1800.08  789.948        NA        NA            0  341.443    22    22  1494659684
  del-n2500-k25-s42468   2500   25  1800.04  874.463        NA        NA            0  348.561    22    22  3704433586
  del-n2500-k25-s42468   2500   25  1800.12  397.394        NA        NA            0  338.973    22    22   661323991
  del-n2500-k25-s42468   2500   25  1800.02  1346.46        NA        NA            0   341.54    22    22  4110571512
  del-n2500-k25-s42468   2500   25  1800.08  962.309        NA        NA            0  348.752    22    22   780194143
  del-n2500-k25-s42468   2500   25  1800.03  797.865        NA        NA            0  343.804    22    22   473502788
  del-n2500-k25-s42468   2500   25  1800.04  476.506        NA        NA            0  351.033    22    22  1793130889
  del-n2500-k25-s42468   2500   25  1800.02  78.3336        NA        NA            0  349.412    22    22   785828323
  del-n2500-k25-s42468   2500   25  1800.05  635.955        NA        NA            0  356.601    22    22  3190916094
  del-n2500-k25-s42468   2500   25   1800.1  1751.33        NA        NA            0  361.392    22    22  1341888134
  del-n2500-k40-s25162   2500   40  1800.08  1262.15        NA        NA            0  329.179    17     6   208692884
  del-n2500-k40-s25162   2500   40  1800.06  1477.44        NA        NA            0  399.542    17     3   278574428
  del-n2500-k40-s25162   2500   40  1800.07  1587.74        NA        NA            0  371.136    16     4  2148420993
  del-n2500-k40-s25162   2500   40  1800.01  105.022        NA        NA            0  320.797    17    10  2447778399
  del-n2500-k40-s25162   2500   40  1800.08  1052.44        NA        NA            0  341.213    17     5  1693180648
  del-n2500-k40-s25162   2500   40  1800.03   738.12        NA        NA            0   343.63    17     5  3423077443
  del-n2500-k40-s25162   2500   40  1800.06  740.689        NA        NA            0  299.689    17     8  2599992070
  del-n2500-k40-s25162   2500   40  1800.06  1477.77        NA        NA            0  334.641    17     8  1173406415
  del-n2500-k40-s25162   2500   40  1800.01  1369.94        NA        NA            0  335.957    17     6   119538871
  del-n2500-k40-s25162   2500   40  1800.02  421.494        NA        NA            0  306.335    17     4  2991265271
  del-n2500-k40-s32424   2500   40  1800.05   1518.8        NA        NA            0  284.467    17    17  2150319175
  del-n2500-k40-s32424   2500   40  1800.09  1118.55        NA        NA            0   284.57    17    17  2013142450
  del-n2500-k40-s32424   2500   40  1800.01  710.424        NA        NA            0  285.924    17    17    80386981
  del-n2500-k40-s32424   2500   40  1800.15  916.371        NA        NA            0  294.617    17    17  3264099759
  del-n2500-k40-s32424   2500   40  1800.01  1218.33        NA        NA            0  289.118    17    17  1236952283
  del-n2500-k40-s32424   2500   40  1800.16  1528.37        NA        NA            0  289.045    17    17  2321576074
  del-n2500-k40-s32424   2500   40  1800.15  1318.46        NA        NA            0  292.321    17    17  1548008374
  del-n2500-k40-s32424   2500   40  1800.15  305.441        NA        NA            0  286.619    17    17  3710576874
  del-n2500-k40-s32424   2500   40  1800.05   1526.2        NA        NA            0  289.301    17    17  2789511804
  del-n2500-k40-s32424   2500   40   1800.1   1724.9        NA        NA            0  292.578    17    17  3585626145
  del-n2500-k40-s37470   2500   40  1800.05  625.542        NA        NA            0  295.775    17    17  2790934607
  del-n2500-k40-s37470   2500   40  1800.05  1242.72        NA        NA            0  293.381    17    17  1470162025
  del-n2500-k40-s37470   2500   40  1800.03  1347.78        NA        NA            0  294.171    17    17  2760968412
  del-n2500-k40-s37470   2500   40  1800.01   414.47        NA        NA            0  301.289    17    17  4268599080
  del-n2500-k40-s37470   2500   40  1800.01  1760.24        NA        NA            0  301.918    17    17  2847187862
  del-n2500-k40-s37470   2500   40  1800.01  1660.76        NA        NA            0  292.882    17    17  1859372546
  del-n2500-k40-s37470   2500   40  1800.04  413.247        NA        NA            0  298.199    17    17  3302931966
  del-n2500-k40-s37470   2500   40  1800.02  1245.46        NA        NA            0  304.503    17    17  1074053621
  del-n2500-k40-s37470   2500   40  1800.03  622.333        NA        NA            0  299.642    17    17  1897498023
  del-n2500-k40-s37470   2500   40  1800.02  623.124        NA        NA            0  301.555    17    17  3644629192
  del-n2500-k40-s43853   2500   40  1800.01  1628.76        NA        NA            0  291.551    17    17   262973619
  del-n2500-k40-s43853   2500   40   1800.1  1631.43        NA        NA            0  280.351    17    17  1942465492
  del-n2500-k40-s43853   2500   40  1800.12  1020.52        NA        NA            0  285.275    17    17  3325265953
  del-n2500-k40-s43853   2500   40  1800.02  917.288        NA        NA            0  292.656    17    17   132622856
  del-n2500-k40-s43853   2500   40  1800.12   1021.6        NA        NA            0  287.906    17    17  3554112337
  del-n2500-k40-s43853   2500   40  1800.09   410.47        NA        NA            0  297.026    17    17  1392830990
  del-n2500-k40-s43853   2500   40  1800.05  1322.58        NA        NA            0  296.603    17    17  3376187407
  del-n2500-k40-s43853   2500   40  1800.08  1800.08        NA        NA            0   285.62    17    17  1947936086
  del-n2500-k40-s43853   2500   40  1800.05  1221.65        NA        NA            0  294.852    17    17  3111165625
  del-n2500-k40-s43853   2500   40  1800.16  1121.37        NA        NA            0  297.235    17    17   476580243
  del-n5000-k25-s17706   5000   25  1800.21  255.979        NA        NA            0   358.57     7     7  2527211360
  del-n5000-k25-s17706   5000   25  1800.12   1793.8        NA        NA            0  354.561     7     7  1655503526
  del-n5000-k25-s17706   5000   25  1800.53  772.502        NA        NA            0  359.125     6     6  3583690604
  del-n5000-k25-s17706   5000   25  1800.03   1791.5        NA        NA            0  348.587     7     7   798312114
  del-n5000-k25-s17706   5000   25  1800.06  1020.79        NA        NA            0  379.484     7     7  3702233097
  del-n5000-k25-s17706   5000   25  1800.38  1027.33        NA        NA            0  359.843     6     6  2420107012
  del-n5000-k25-s17706   5000   25  1800.16  1287.22        NA        NA            0  365.776     6     6   774843229
  del-n5000-k25-s17706   5000   25  1800.58  783.282        NA        NA            0  370.276     6     6  1402722149
  del-n5000-k25-s17706   5000   25  1800.12  1028.11        NA        NA            0  349.475     7     7  3008969783
  del-n5000-k25-s17706   5000   25  1800.28  1800.28        NA        NA            0  355.459     6     6  2638921101
  del-n5000-k25-s33654   5000   25  1800.02  245.607        NA        NA            0  357.892     7     7  3557749671
  del-n5000-k25-s33654   5000   25  1800.15   519.55        NA        NA            0  371.797     7     7  3623582732
  del-n5000-k25-s33654   5000   25  1800.15  1536.12        NA        NA            0  358.046     7     7  1578273639
  del-n5000-k25-s33654   5000   25  1800.03  252.493        NA        NA            0  357.685     7     7  1908737005
  del-n5000-k25-s33654   5000   25  1800.04  745.795        NA        NA            0  357.452     7     7   775712342
  del-n5000-k25-s33654   5000   25  1800.07  1292.73        NA        NA            0  366.811     7     7  1265414057
  del-n5000-k25-s33654   5000   25  1800.03  1508.88        NA        NA            0  357.459     7     7  2254433885
  del-n5000-k25-s33654   5000   25  1800.08  738.928        NA        NA            0  359.586     7     7  1042128407
  del-n5000-k25-s33654   5000   25  1800.22  508.015        NA        NA            0  356.061     6     6   210007156
  del-n5000-k25-s33654   5000   25  1800.12  997.866        NA        NA            0   361.81     7     7  4101703341
  del-n5000-k25-s39997   5000   25  1800.03   998.36        NA        NA            0  355.824     7     7  1992841076
  del-n5000-k25-s39997   5000   25  1800.12  982.298        NA        NA            0  355.797     7     7  1004790397
  del-n5000-k25-s39997   5000   25  1800.14   495.69        NA        NA            0  349.948     7     7  3465688740
  del-n5000-k25-s39997   5000   25  1800.11  1249.89        NA        NA            0  343.828     7     7    23285407
  del-n5000-k25-s39997   5000   25  1800.11  1487.02        NA        NA            0  361.642     7     7    53445659
  del-n5000-k25-s39997   5000   25  1800.27  976.193        NA        NA            0  345.826     7     7   189239300
  del-n5000-k25-s39997   5000   25   1800.1  988.536        NA        NA            0  350.897     7     7  4265686042
  del-n5000-k25-s39997   5000   25  1800.02  1737.53        NA        NA            0  348.584     7     7   741881251
  del-n5000-k25-s39997   5000   25  1800.07  1240.05        NA        NA            0  359.911     7     7  3466022193
  del-n5000-k25-s39997   5000   25  1800.26  990.012        NA        NA            0  346.208     7     7   960355990
  del-n5000-k25-s52517   5000   25  1800.09  1258.54        NA        NA            0  334.744     7     7  3686445053
  del-n5000-k25-s52517   5000   25  1800.22  1232.19        NA        NA            0  336.832     7     7  3376549165
  del-n5000-k25-s52517   5000   25  1800.04  745.936        NA        NA            0  352.755     7     7  3795824956
  del-n5000-k25-s52517   5000   25  1800.12  1744.37        NA        NA            0  357.403     7     7  1025359303
  del-n5000-k25-s52517   5000   25  1800.27  1479.95        NA        NA            0  350.967     7     7  3629773034
  del-n5000-k25-s52517   5000   25  1800.41  243.015        NA        NA            0  333.765     7     7  3750332958
  del-n5000-k25-s52517   5000   25  1800.13  492.282        NA        NA            0  348.993     7     7  2333785635
  del-n5000-k25-s52517   5000   25  1800.11  501.275        NA        NA            0  355.918     7     7  3286205480
  del-n5000-k25-s52517   5000   25  1800.16  1480.82        NA        NA            0  344.609     7     7  2885835271
  del-n5000-k25-s52517   5000   25  1800.07  738.435        NA        NA            0  341.319     7     7   234864606
  del-n5000-k50-s13975   5000   50  1800.29  1443.22        NA        NA            0  272.352     3     3  3202915388
  del-n5000-k50-s13975   5000   50  1800.59  432.184        NA        NA            0  285.866     3     3  2031120080
  del-n5000-k50-s13975   5000   50  1800.74  1346.48        NA        NA            0  268.684     3     3   349013022
  del-n5000-k50-s13975   5000   50  1801.13  452.254        NA        NA            0   286.49     3     3   746247039
  del-n5000-k50-s13975   5000   50  1800.85  427.688        NA        NA            0  274.528     3     3   987257529
  del-n5000-k50-s13975   5000   50  1800.48  938.301        NA        NA            0  260.953     3     3    85434439
  del-n5000-k50-s13975   5000   50  1800.61  920.889        NA        NA            0  283.979     3     3  3213168288
  del-n5000-k50-s13975   5000   50  1801.31  437.777        NA        NA            0   281.67     4     4  3372543655
  del-n5000-k50-s13975   5000   50  1800.13  1787.97        NA        NA            0  281.944     4     4    76551119
  del-n5000-k50-s13975   5000   50     1801  1413.57        NA        NA            0  271.024     3     3  1357494430
  del-n5000-k50-s23709   5000   50  1800.46  1800.46        NA        NA            0  270.275     3     3  1923065040
  del-n5000-k50-s23709   5000   50  1800.05  1323.35        NA        NA            0  277.668     4     4   925556501
  del-n5000-k50-s23709   5000   50  1800.02  437.201        NA        NA            0  266.193     4     4  1847717772
  del-n5000-k50-s23709   5000   50  1800.09  881.898        NA        NA            0   276.75     4     4  4247257857
  del-n5000-k50-s23709   5000   50  1800.95  921.517        NA        NA            0  265.491     3     3  2884965050
  del-n5000-k50-s23709   5000   50  1800.02  434.176        NA        NA            0  282.266     4     4  2564440466
  del-n5000-k50-s23709   5000   50  1800.15  459.591        NA        NA            0  275.816     4     4  3601399226
  del-n5000-k50-s23709   5000   50  1800.05  1286.34        NA        NA            0  278.457     4     4   414257202
  del-n5000-k50-s23709   5000   50  1800.11  442.612        NA        NA            0  280.096     4     4  2188611122
  del-n5000-k50-s23709   5000   50  1800.03  1773.87        NA        NA            0  274.067     4     4  1581798938
  del-n5000-k50-s49035   5000   50  1800.15  481.648        NA        NA            0  258.405     3     3  3007220643
  del-n5000-k50-s49035   5000   50  1800.26  446.548        NA        NA            0  271.167     3     3    36236190
  del-n5000-k50-s49035   5000   50  1800.05  1316.28        NA        NA            0  274.458     4     4   241258449
  del-n5000-k50-s49035   5000   50  1801.05  1801.05        NA        NA            0  274.285     3     3  3675579413
  del-n5000-k50-s49035   5000   50  1800.02  1339.35        NA        NA            0  267.872     4     4  2151937136
  del-n5000-k50-s49035   5000   50  1800.02  1757.26        NA        NA            0  270.041     4     4  1112300108
  del-n5000-k50-s49035   5000   50  1800.68  910.886        NA        NA            0  269.683     3     3  3804740114
  del-n5000-k50-s49035   5000   50  1800.66  1359.83        NA        NA            0  257.521     3     3  1340840682
  del-n5000-k50-s49035   5000   50  1800.05  1776.94        NA        NA            0  267.185     4     4  1387884994
  del-n5000-k50-s49035   5000   50  1801.04   910.53        NA        NA            0  265.173     3     3   511890104
   del-n5000-k50-s5359   5000   50   1800.4  1489.51        NA        NA            0  285.697     3     3  3167667103
   del-n5000-k50-s5359   5000   50  1801.17   952.16        NA        NA            0  298.234     3     3  1892513954
   del-n5000-k50-s5359   5000   50  1800.77  940.238        NA        NA            0  270.395     3     3  3901127448
   del-n5000-k50-s5359   5000   50   1800.3   1800.3        NA        NA            0  297.108     3     3  1024583663
   del-n5000-k50-s5359   5000   50  1800.83  1439.82        NA        NA            0  293.326     3     3  3890537615
   del-n5000-k50-s5359   5000   50  1800.31  922.641        NA        NA            0  272.378     3     3  3573972740
   del-n5000-k50-s5359   5000   50  1800.77  473.318        NA        NA            0  303.254     3     3  2499391994
   del-n5000-k50-s5359   5000   50  1800.13   968.73        NA        NA            0  279.663     3     3  2205182613
   del-n5000-k50-s5359   5000   50  1800.11  484.239        NA        NA            0  277.067     3     3  1906351326
   del-n5000-k50-s5359   5000   50  1800.37  966.872        NA        NA            0  288.761     3     3  2251293471
  del-n5000-k80-s23438   5000   80  1800.06  652.987        NA        NA  0.000741929  367.001     2     0  1506295799
  del-n5000-k80-s23438   5000   80  1800.02  1317.46        NA        NA            0  436.401     2     1  1119889251
  del-n5000-k80-s23438   5000   80  1800.99  1800.99        NA        NA  0.000666135  405.909     2     0  1004403003
  del-n5000-k80-s23438   5000   80  1800.01  1324.17        NA        NA  0.000138197  549.511     2     0  1815945112
  del-n5000-k80-s23438   5000   80  1800.23   1277.4        NA        NA            0  279.177     2     1  3113701164
  del-n5000-k80-s23438   5000   80  1800.61  1800.61        NA        NA  0.000538634  403.412     2     0  1854496275
  del-n5000-k80-s23438   5000   80  1800.69  1800.69        NA        NA            0  291.565     2     1  1489853175
  del-n5000-k80-s23438   5000   80  1800.96  1329.99        NA        NA  0.000213099  503.492     2     0  1527327152
  del-n5000-k80-s23438   5000   80  1800.33  1800.33        NA        NA            0  367.379     2     1   193544636
  del-n5000-k80-s23438   5000   80  1801.15  671.591        NA        NA  0.000318786  329.235     2     0   360505057
  del-n5000-k80-s24612   5000   80  1801.03  1342.96        NA        NA  0.000245037  448.211     2     0  4265958363
  del-n5000-k80-s24612   5000   80  1801.46  1389.01        NA        NA            0  318.603     2     1  4203211461
  del-n5000-k80-s24612   5000   80  1800.86  661.953        NA        NA    0.0022633  277.708     2     0  3845202680
  del-n5000-k80-s24612   5000   80  1800.23   1351.5        NA        NA   0.00132531  399.725     2     0  1359786970
  del-n5000-k80-s24612   5000   80  1800.47  1329.46        NA        NA  0.000550679  338.448     2     0   680782837
  del-n5000-k80-s24612   5000   80  1801.05  1801.05        NA        NA  8.78831e-05  294.434     2     0  3365677710
  del-n5000-k80-s24612   5000   80  1800.04  650.303        NA        NA  0.000654882  471.744     2     0   515758191
  del-n5000-k80-s24612   5000   80  1800.72  1800.72        NA        NA  0.000422461  358.198     2     0  3630085735
  del-n5000-k80-s24612   5000   80   1800.3  1323.37        NA        NA   0.00124232  389.179     2     0  4149763017
  del-n5000-k80-s24612   5000   80  1801.22   1378.7        NA        NA            0  443.313     2     1   268840850
  del-n5000-k80-s37325   5000   80  1801.01  1370.44        NA        NA  0.000916571  261.882     2     0   761061763
  del-n5000-k80-s37325   5000   80  1800.51  1800.51        NA        NA   0.00039027  285.289     2     0  2930107821
  del-n5000-k80-s37325   5000   80  1800.64  1800.64        NA        NA  0.000183513  290.877     2     0  3482696675
  del-n5000-k80-s37325   5000   80  1800.02  1800.02        NA        NA  0.000446164  369.235     2     0  2073145162
  del-n5000-k80-s37325   5000   80  1800.06  640.625        NA        NA  0.000936114  534.995     2     0   948965851
  del-n5000-k80-s37325   5000   80  1800.89  651.824        NA        NA            0  409.247     2     1  2920870034
  del-n5000-k80-s37325   5000   80  1801.01  1801.01        NA        NA  0.000460485  693.613     2     0  4095414783
  del-n5000-k80-s37325   5000   80  1801.41  1339.08        NA        NA   0.00216859  272.408     2     0   239798402
  del-n5000-k80-s37325   5000   80  1800.84  1323.21        NA        NA  0.000259835  282.951     2     0  2495743202
  del-n5000-k80-s37325   5000   80  1800.65  1800.65        NA        NA  0.000190714  294.703     2     0   626968327
  del-n5000-k80-s55111   5000   80  1800.44  634.725        NA        NA            0  304.599     2     1   898314338
  del-n5000-k80-s55111   5000   80  1800.91  1339.03        NA        NA  0.000103214  267.345     2     0  3304823189
  del-n5000-k80-s55111   5000   80  1800.47  654.904        NA        NA            0  276.031     2     1   560719098
  del-n5000-k80-s55111   5000   80   1800.2  668.094        NA        NA  1.66331e-05   261.16     2     0  3914244880
  del-n5000-k80-s55111   5000   80  1801.25   685.17        NA        NA            0  330.074     2     1  3463997713
  del-n5000-k80-s55111   5000   80  1800.85  1355.01        NA        NA  0.000649552  308.688     2     0  3919622431
  del-n5000-k80-s55111   5000   80  1800.09  1336.17        NA        NA  0.000112446  287.025     2     0  1776372731
  del-n5000-k80-s55111   5000   80  1801.44  704.042        NA        NA            0  378.564     2     1   552527302
  del-n5000-k80-s55111   5000   80  1801.38  1324.13        NA        NA  0.000514169  295.841     2     0  3244991931
  del-n5000-k80-s55111   5000   80  1800.31   1376.5        NA        NA            0  316.145     2     1   751346912
 del-n10000-k50-s13697  10000   50   1802.3  1802.29        NA        NA            0  290.182     1     1  2510653360
 del-n10000-k50-s13697  10000   50  1801.95  1801.95        NA        NA            0  288.647     1     1   796532563
 del-n10000-k50-s13697  10000   50  1803.15  1803.15        NA        NA            0  291.819     1     1  1618567803
 del-n10000-k50-s13697  10000   50  1805.89  1805.89        NA        NA            0  276.419     1     1  1068369764
 del-n10000-k50-s13697  10000   50  1801.96  1801.96        NA        NA            0  284.209     1     1  2899851479
 del-n10000-k50-s13697  10000   50   1800.5  1800.49        NA        NA            0   298.09     1     1  3970074228
 del-n10000-k50-s13697  10000   50  1806.44  1806.44        NA        NA            0  286.053     1     1  1516178612
 del-n10000-k50-s13697  10000   50  1805.55  1805.55        NA        NA            0  308.223     1     1  1228515655
 del-n10000-k50-s13697  10000   50   1803.3   1803.3        NA        NA            0  305.761     1     1   811958526
 del-n10000-k50-s13697  10000   50  1801.32  1801.32        NA        NA            0  282.095     1     1  2596871622
 del-n10000-k50-s16765  10000   50  1801.67  1801.67        NA        NA            0  283.955     1     1  2907879319
 del-n10000-k50-s16765  10000   50  1803.66  1803.66        NA        NA            0  282.751     1     1  2898422087
 del-n10000-k50-s16765  10000   50  1800.13  1800.13        NA        NA            0  266.294     1     1  1550538626
 del-n10000-k50-s16765  10000   50   1805.7   1805.7        NA        NA            0   285.29     1     1  3716486039
 del-n10000-k50-s16765  10000   50  1803.92  1803.92        NA        NA            0  276.477     1     1  1802927631
 del-n10000-k50-s16765  10000   50  1800.39  1800.39        NA        NA            0  277.326     1     1   617469353
 del-n10000-k50-s16765  10000   50  1802.23  1802.23        NA        NA            0  287.573     1     1  3661292026
 del-n10000-k50-s16765  10000   50  1801.14  1801.14        NA        NA            0  272.794     1     1  3204042335
 del-n10000-k50-s16765  10000   50  1802.69  1802.69        NA        NA            0  308.037     1     1  3544351207
 del-n10000-k50-s16765  10000   50  1800.22  1800.22        NA        NA            0  282.447     1     1  1857633056
  del-n10000-k50-s2196  10000   50  1804.19  1804.19        NA        NA            0  266.762     1     1   208323242
  del-n10000-k50-s2196  10000   50  1805.38  1805.38        NA        NA            0  271.321     1     1  3602023545
  del-n10000-k50-s2196  10000   50  1800.51  1800.51        NA        NA            0  287.075     1     1  1016256062
  del-n10000-k50-s2196  10000   50  1804.47  1804.47        NA        NA            0  285.308     1     1  3607484052
  del-n10000-k50-s2196  10000   50  1800.52  1800.52        NA        NA            0  285.641     1     1   918877416
  del-n10000-k50-s2196  10000   50  1802.16  1802.16        NA        NA            0  265.631     1     1  3445985986
  del-n10000-k50-s2196  10000   50   1800.9   1800.9        NA        NA            0  278.926     1     1  1438367609
  del-n10000-k50-s2196  10000   50  1804.87  1804.87        NA        NA            0  290.681     1     1   593227258
  del-n10000-k50-s2196  10000   50  1801.39  1801.39        NA        NA            0  278.792     1     1  1552256156
  del-n10000-k50-s2196  10000   50  1800.31  1800.31        NA        NA            0  276.659     1     1  1407608626
  del-n10000-k50-s4699  10000   50   1800.9   1800.9        NA        NA            0  284.357     1     1  1642393220
  del-n10000-k50-s4699  10000   50  1804.12  1804.12        NA        NA            0  262.304     1     1   686043275
  del-n10000-k50-s4699  10000   50  1803.17  1803.17        NA        NA            0    284.5     1     1  3313434036
  del-n10000-k50-s4699  10000   50  1805.07  1805.07        NA        NA            0  289.445     1     1  2524999112
  del-n10000-k50-s4699  10000   50  1805.14  1805.14        NA        NA            0  272.729     1     1  2581810635
  del-n10000-k50-s4699  10000   50  1801.02  1801.02        NA        NA            0  275.233     1     1  3646200252
  del-n10000-k50-s4699  10000   50   1805.5   1805.5        NA        NA            0  283.941     1     1  3916001877
  del-n10000-k50-s4699  10000   50  1803.46  1803.46        NA        NA            0  274.343     1     1  2557347287
  del-n10000-k50-s4699  10000   50  1802.27  1802.27        NA        NA            0  269.242     1     1  1499875723
  del-n10000-k50-s4699  10000   50  1802.79  1802.79        NA        NA            0  283.173     1     1  1485256964
del-n10000-k100-s11912  10000  100  1800.98  1800.98        NA        NA            0  222.883     1     1  2847729993
del-n10000-k100-s11912  10000  100  1801.94  1801.94        NA        NA            0  274.184     1     1   500076626
del-n10000-k100-s11912  10000  100  1808.16  1808.16        NA        NA            0  252.402     1     1  2920289730
del-n10000-k100-s11912  10000  100  1808.24  1808.24        NA        NA            0  234.211     1     1   899099905
del-n10000-k100-s11912  10000  100  1805.43  1805.43        NA        NA  0.000131356  317.983     1     0  3112981672
del-n10000-k100-s11912  10000  100  1808.53  1808.53        NA        NA            0  432.062     1     1  2558464149
del-n10000-k100-s11912  10000  100  1802.79  1802.79        NA        NA   0.00034717  279.492     1     0  2328701909
del-n10000-k100-s11912  10000  100   1807.5  1807.49        NA        NA            0  258.875     1     1  1842605039
del-n10000-k100-s11912  10000  100  1802.14  1802.14        NA        NA  0.000602166  270.789     1     0  2554841850
del-n10000-k100-s11912  10000  100  1800.46  1800.46        NA        NA  3.64935e-05  439.755     1     0  1097217159
del-n10000-k100-s41105  10000  100  1800.02  1800.02        NA        NA   0.00111354  313.443     1     0  1364875532
del-n10000-k100-s41105  10000  100  1809.97  1809.97        NA        NA            0    259.7     1     1  3646991333
del-n10000-k100-s41105  10000  100   1803.3   1803.3        NA        NA   0.00113288  221.571     1     0  1444326344
del-n10000-k100-s41105  10000  100  1801.31  1801.31        NA        NA            0  266.323     1     1  1161788961
del-n10000-k100-s41105  10000  100  1808.19  1808.19        NA        NA  0.000481771  318.318     1     0  4246876639
del-n10000-k100-s41105  10000  100  1801.83  1801.83        NA        NA  0.000291388  269.369     1     0  1180398726
del-n10000-k100-s41105  10000  100  1801.01  1801.01        NA        NA            0  344.779     1     1  3259515972
del-n10000-k100-s41105  10000  100  1801.34  1801.34        NA        NA            0  203.304     1     1   310091769
del-n10000-k100-s41105  10000  100  1805.09  1805.09        NA        NA    0.0025804  574.391     1     0  1245946680
del-n10000-k100-s41105  10000  100  1804.44  1804.44        NA        NA  0.000316835  550.726     1     0   213744775
del-n10000-k100-s46796  10000  100   1801.6   1801.6        NA        NA  0.000169934  217.032     1     0  2695880227
del-n10000-k100-s46796  10000  100  1808.31  1808.31        NA        NA   0.00665155  255.276     1     0   694954237
del-n10000-k100-s46796  10000  100  1808.48  1808.48        NA        NA   0.00131055  462.661     1     0  1623950244
del-n10000-k100-s46796  10000  100  1807.27  1807.27        NA        NA   0.00221607   512.95     1     0  3014979203
del-n10000-k100-s46796  10000  100  1801.86  1801.86        NA        NA   0.00134864  214.655     1     0  2961416817
del-n10000-k100-s46796  10000  100  1800.83  1800.83        NA        NA  0.000146379      463     1     0  3575133519
del-n10000-k100-s46796  10000  100  1803.18  1803.18        NA        NA  0.000819016  223.901     1     0   263377194
del-n10000-k100-s46796  10000  100  1803.54  1803.54        NA        NA   0.00146663  255.351     1     0   117699670
del-n10000-k100-s46796  10000  100  1804.02  1804.02        NA        NA    0.0023895  550.959     1     0  2988463281
del-n10000-k100-s46796  10000  100  1800.37  1800.37        NA        NA            0  267.062     1     1  4000551957
del-n10000-k100-s62397  10000  100   1800.6   1800.6        NA        NA            0  255.643     1     1  2245371266
del-n10000-k100-s62397  10000  100  1806.74  1806.74        NA        NA   0.00010626  371.942     1     0  4049137972
del-n10000-k100-s62397  10000  100   1805.9   1805.9        NA        NA            0  328.663     1     1   466904559
del-n10000-k100-s62397  10000  100  1805.25  1805.25        NA        NA  0.000230814  282.484     1     0  3285797620
del-n10000-k100-s62397  10000  100  1802.95  1802.95        NA        NA            0  237.156     1     1  1407565072
del-n10000-k100-s62397  10000  100  1806.44  1806.43        NA        NA            0  230.951     1     1  4134989592
del-n10000-k100-s62397  10000  100  1802.32  1802.31        NA        NA            0   440.67     1     1  2911242553
del-n10000-k100-s62397  10000  100  1806.77  1806.77        NA        NA            0  535.717     1     1  4191124496
del-n10000-k100-s62397  10000  100  1806.36  1806.36        NA        NA  0.000332988  235.649     1     0   553489115
del-n10000-k100-s62397  10000  100  1807.38  1807.38        NA        NA            0  284.256     1     1  4072959171
 del-n10000-k160-s1986  10000  160  1811.19  1811.19        NA        NA     0.115632  220.463     1     0  1376358525
 del-n10000-k160-s1986  10000  160  1814.71  1814.71        NA        NA     0.118995  257.204     1     0  3960543742
 del-n10000-k160-s1986  10000  160  1810.54  1810.54        NA        NA    0.0943572  289.337     1     0  3848380803
 del-n10000-k160-s1986  10000  160  1806.79  1806.79        NA        NA     0.330638  241.715     1     0  2943565005
 del-n10000-k160-s1986  10000  160  1809.52  1809.52        NA        NA     0.234777  409.965     1     0  2683034656
 del-n10000-k160-s1986  10000  160  1806.56  1806.56        NA        NA     0.152356  254.046     1     0   438561302
 del-n10000-k160-s1986  10000  160  1809.61  1809.61        NA        NA     0.137553  284.764     1     0  2177543041
 del-n10000-k160-s1986  10000  160  1811.28  1811.28        NA        NA     0.110009  302.387     1     0  3911195801
 del-n10000-k160-s1986  10000  160  1801.38  1801.38        NA        NA     0.182067  199.692     1     0   829983658
 del-n10000-k160-s1986  10000  160  1803.32  1803.31        NA        NA      0.21517  258.888     1     0  1730402728
del-n10000-k160-s41175  10000  160  1814.51  1814.51        NA        NA     0.156859  253.325     1     0  3874477627
del-n10000-k160-s41175  10000  160  1814.05  1814.05        NA        NA     0.161292  243.606     1     0  3683756019
del-n10000-k160-s41175  10000  160  1804.27  1804.27        NA        NA      1.17328  238.536     1     0  3491401426
del-n10000-k160-s41175  10000  160  1812.99  1812.99        NA        NA     0.184373  216.814     1     0   366185979
del-n10000-k160-s41175  10000  160     1805     1805        NA        NA     0.180304  214.537     1     0   523870838
del-n10000-k160-s41175  10000  160   1807.7   1807.7        NA        NA      0.10502   219.69     1     0  1802518840
del-n10000-k160-s41175  10000  160  1806.77  1806.77        NA        NA     0.245529  224.518     1     0  4198456925
del-n10000-k160-s41175  10000  160  1804.66  1804.66        NA        NA    0.0999719  209.059     1     0  3076391450
del-n10000-k160-s41175  10000  160  1808.22  1808.22        NA        NA     0.113537  324.062     1     0  3576662024
del-n10000-k160-s41175  10000  160  1811.38  1811.38        NA        NA     0.150308  290.652     1     0   693233021
 del-n10000-k160-s7151  10000  160   1800.3   1800.3        NA        NA     0.114212  238.341     1     0  1833700249
 del-n10000-k160-s7151  10000  160  1809.75  1809.75        NA        NA     0.260508  264.005     1     0  2481715681
 del-n10000-k160-s7151  10000  160  1806.23  1806.23        NA        NA     0.175718  618.916     1     0  2910467150
 del-n10000-k160-s7151  10000  160  1811.18  1811.18        NA        NA    0.0966396  432.786     1     0  2164383390
 del-n10000-k160-s7151  10000  160  1812.22  1812.21        NA        NA     0.129815  271.182     1     0  1736187786
 del-n10000-k160-s7151  10000  160  1810.94  1810.94        NA        NA     0.171269  217.616     1     0  3390761531
 del-n10000-k160-s7151  10000  160   1813.6   1813.6        NA        NA     0.250959  235.657     1     0  3097942213
 del-n10000-k160-s7151  10000  160  1813.27  1813.27        NA        NA     0.124427  272.919     1     0  4113035230
 del-n10000-k160-s7151  10000  160  1805.27  1805.27        NA        NA    0.0662471  258.226     1     0  3219751263
 del-n10000-k160-s7151  10000  160  1807.54  1807.54        NA        NA     0.144325  269.309     1     0   904681776
 del-n10000-k160-s7725  10000  160  1808.52  1808.52        NA        NA     0.190062  708.133     1     0  3584560783
 del-n10000-k160-s7725  10000  160  1805.66  1805.66        NA        NA    0.0137551  698.981     1     0  2376153701
 del-n10000-k160-s7725  10000  160  1814.28  1814.28        NA        NA     0.141062  258.351     1     0  4252789177
 del-n10000-k160-s7725  10000  160  1804.16  1804.16        NA        NA    0.0806637  582.676     1     0  2954468523
 del-n10000-k160-s7725  10000  160  1809.65  1809.65        NA        NA    0.0628169   229.54     1     0  1444613153
 del-n10000-k160-s7725  10000  160   1803.9   1803.9        NA        NA    0.0353477  220.957     1     0   737257497
 del-n10000-k160-s7725  10000  160  1808.73  1808.73        NA        NA     0.106155  268.381     1     0  3389277745
 del-n10000-k160-s7725  10000  160  1804.23  1804.23        NA        NA     0.117667  237.003     1     0  1656908330
 del-n10000-k160-s7725  10000  160   1811.7   1811.7        NA        NA    0.0667247  214.521     1     0  2982684341
 del-n10000-k160-s7725  10000  160  1811.17  1811.17        NA        NA    0.0468997  635.869     1     0  2385225385