instance    n   k     time      ttb  cons_bal  cons_cmp  bal      cmp  repl  feas        seed
DT500-01  500  10     1800  1736.35        NA        NA    0  209.139   426   426   935440663
DT500-01  500  10     1800  705.012        NA        NA    0  208.003   426   426  3418414413
DT500-01  500  10  1800.01  746.234        NA        NA    0  209.139   426   426  2097491181
DT500-01  500  10     1800   1269.4        NA        NA    0  206.703   426   426   810586426
DT500-01  500  10     1800  148.539        NA        NA    0  204.796   425   425  2740788490
DT500-01  500  10     1800  875.618        NA        NA    0  207.386   425   425  3817548457
DT500-01  500  10     1800  658.603        NA        NA    0  209.139   426   426  3209127346
DT500-01  500  10  1800.01  1448.31        NA        NA    0  208.724   426   426  1018613763
DT500-01  500  10     1800  570.385        NA        NA    0  209.139   427   427  3968898532
DT500-02  500  10     1800  624.441        NA        NA    0  201.704   407   407  4202560110
DT500-01  500  10     1800  812.991        NA        NA    0  206.703   428   428  3599636972
DT500-02  500  10     1800    137.2        NA        NA    0  205.208   408   408  1117064590
DT500-02  500  10     1800  1643.78        NA        NA    0  200.316   408   408  2651351314
DT500-02  500  10     1800  619.875        NA        NA    0  202.495   410   410  1168118235
DT500-02  500  10     1800  762.637        NA        NA    0  202.443   409   409  1968573606
DT500-02  500  10  1800.01  911.539        NA        NA    0  202.443   409   409  1255878704
DT500-02  500  10     1800  1604.32        NA        NA    0  202.443   411   411  3808735753
DT500-02  500  10     1800  900.203        NA        NA    0  201.576   411   411  3905497153
DT500-02  500  10     1800  375.312        NA        NA    0  206.097   412   412  3686082248
DT500-02  500  10  1800.01  517.186        NA        NA    0  205.015   410   410  3140616110
DT500-03  500  10     1800  795.579        NA        NA    0  201.006   417   416  3507853085
DT500-03  500  10     1800  329.939        NA        NA    0  201.523   416   416  1900741892
DT500-03  500  10     1800   1065.7        NA        NA    0  199.029   416   416  2964779665
DT500-03  500  10     1800  531.785        NA        NA    0  198.505   417   417  1731149835
DT500-03  500  10  1800.01  495.613        NA        NA    0  202.616   417   417  3036516003
DT500-03  500  10     1800  727.359        NA        NA    0  202.407   418   418    58896400
DT500-03  500  10  1800.01  240.517        NA        NA    0  202.327   418   418   885956784
DT500-03  500  10     1800  60.3399        NA        NA    0  200.953   418   418  1657366597
DT500-03  500  10     1800  235.435        NA        NA    0  200.554   420   420  3568317369
DT500-03  500  10     1800   373.91        NA        NA    0  202.781   419   419   198443085
DT500-04  500  10     1800  573.546        NA        NA    0  202.234   427   427  2325259370
DT500-04  500  10     1800  665.832        NA        NA    0  203.051   427   427  2588744854
DT500-04  500  10     1800   400.35        NA        NA    0  204.351   427   427  1071939827
DT500-04  500  10     1800  1679.71        NA        NA    0  202.452   427   427    53579466
DT500-04  500  10     1800  1069.97        NA        NA    0   205.76   427   427  3185015816
DT500-04  500  10  1800.06  42.1313        NA        NA    0   202.47   428   428  3639359661
DT500-04  500  10     1800  647.087        NA        NA    0  202.898   428   428   216274090
DT500-04  500  10  1800.03  858.398        NA        NA    0  204.293   428   428  3025393174
DT500-04  500  10     1800  1552.96        NA        NA    0  204.293   428   428  3820134529
DT500-04  500  10     1800  622.293        NA        NA    0  200.447   428   428   684998794
DT500-05  500  10  1800.01  148.008        NA        NA    0  203.036   427   427  2977869321
DT500-05  500  10     1800  1454.88        NA        NA    0  205.271   428   428   946053466
DT500-05  500  10     1800  961.412        NA        NA    0  204.163   427   426  1016648989
DT500-05  500  10  1800.01  1700.92        NA        NA    0  203.917   427   427   128619814
DT500-05  500  10  1800.01   1072.9        NA        NA    0  203.727   429   429  3490012075
DT500-05  500  10     1800   408.44        NA        NA    0  203.727   427   427   957093061
DT500-05  500  10     1800  197.341        NA        NA    0  202.654   429   429  1514839062
DT500-05  500  10     1800  390.033        NA        NA    0  203.917   429   429  4052043658
DT500-05  500  10     1800  1775.87        NA        NA    0  204.105   431   431  3077488454
DT500-05  500  10  1800.01   1434.2        NA        NA    0  202.979   430   430  1411020380
DT500-06  500  10     1800  1279.35        NA        NA    0  206.303   421   421  2003850093
DT500-06  500  10     1800  303.432        NA        NA    0  206.313   422   422  3796478273
DT500-06  500  10     1800  889.293        NA        NA    0  209.878   424   424  3123453975
DT500-06  500  10  1800.01  114.169        NA        NA    0  208.915   424   424  1582521144
DT500-06  500  10     1800  1508.33        NA        NA    0  206.313   424   424  3828469683
DT500-06  500  10  1800.01  1538.91        NA        NA    0  206.303   424   424   769245745
DT500-06  500  10  1800.01  976.243        NA        NA    0  205.349   424   424   384210092
DT500-06  500  10  1800.01   1335.1        NA        NA    0  207.743   424   424  3558001691
DT500-06  500  10  1800.01  1305.34        NA        NA    0  205.472   424   424  2194415682
DT500-06  500  10     1800  978.415        NA        NA    0  206.531   425   425  3494446068
DT500-07  500  10     1800  181.989        NA        NA    0  202.134   444   444  2610208088
DT500-07  500  10     1800   1490.3        NA        NA    0  200.617   444   444  3379063191
DT500-07  500  10     1800  85.1764        NA        NA    0  201.997   444   444  1554358878
DT500-07  500  10     1800   214.69        NA        NA    0  202.735   445   445  3855687822
DT500-07  500  10     1800  1251.28        NA        NA    0  202.735   444   444  3340457735
DT500-07  500  10     1800  1608.79        NA        NA    0   202.34   444   444   392200242
DT500-07  500  10     1800  1297.86        NA        NA    0  199.106   443   443  1228628086
DT500-07  500  10  1800.01  1399.46        NA        NA    0  201.541   444   444   552086042
DT500-07  500  10     1800  512.732        NA        NA    0  200.617   446   446   592235046
DT500-07  500  10     1800  794.417        NA        NA    0  202.735   446   446  1491706825
DT500-08  500  10     1800  431.521        NA        NA    0  205.068   434   434  3006482940
DT500-08  500  10  1800.01  352.381        NA        NA    0  205.818   433   433  2592359622
DT500-08  500  10     1800   941.32        NA        NA    0  203.988   432   432  2378249787
DT500-08  500  10     1800  776.621        NA        NA    0  201.652   433   433  3915704464
DT500-08  500  10     1800  1621.43        NA        NA    0  202.716   433   433  1335680667
DT500-08  500  10     1800  215.813        NA        NA    0  205.068   433   433  1510502509
DT500-08  500  10  1800.01  145.314        NA        NA    0  206.107   434   434  1211955966
DT500-08  500  10     1800  116.106        NA        NA    0  207.051   434   434  1381469029
DT500-08  500  10     1800  1794.46        NA        NA    0  204.098   434   434   466713770
DT500-08  500  10     1800  452.922        NA        NA    0  199.196   434   434  3334473160
DT500-09  500  10  1800.01  86.1942        NA        NA    0  201.894   440   440  3095422950
DT500-09  500  10     1800  750.478        NA        NA    0  201.912   441   441  2352846087
DT500-09  500  10     1800  1280.74        NA        NA    0  203.176   439   439  4047837153
DT500-09  500  10     1800  49.2304        NA        NA    0  201.894   441   441  3228677241
DT500-09  500  10     1800  1633.17        NA        NA    0  200.545   440   440  3852906300
DT500-09  500  10     1800  236.997        NA        NA    0  204.861   439   439  2988724912
DT500-09  500  10     1800  1483.14        NA        NA    0  201.894   439   438   734694313
DT500-09  500  10     1800   1717.1        NA        NA    0  204.413   440   440  2117592646
DT500-09  500  10     1800  16.2946        NA        NA    0  201.894   440   440  3606050599
DT500-09  500  10     1800  583.367        NA        NA    0  204.278   441   441  2620182811
DT500-10  500  10     1800  1636.42        NA        NA    0  199.714   444   444   287929778
DT500-10  500  10     1800  1515.81        NA        NA    0  199.052   444   444   943116605
DT500-10  500  10     1800  631.937        NA        NA    0  200.659   444   444  2627300731
DT500-10  500  10  1800.01   226.88        NA        NA    0  198.729   444   444  3823990002
DT500-10  500  10     1800  836.342        NA        NA    0   201.54   445   445  4043406565
DT500-10  500  10     1800  918.754        NA        NA    0  198.729   444   444   590714254
DT500-10  500  10     1800  347.319        NA        NA    0   201.54   446   446  1010744946
DT500-10  500  10     1800  515.967        NA        NA    0  199.001   446   446   503308614
DT500-10  500  10     1800  1474.83        NA        NA    0  198.729   445   445  3304081297
DT500-10  500  10     1800  149.713        NA        NA    0  198.729   445   445   200743837
DT500-11  500  10     1800  1309.38        NA        NA    0  208.321   439   439  1592051291
DT500-11  500  10  1800.01  303.836        NA        NA    0  207.075   438   438  2960140079
DT500-11  500  10  1800.01  258.722        NA        NA    0  206.109   439   439   511752215
DT500-11  500  10     1800  595.803        NA        NA    0  208.813   440   440  2961414105
DT500-11  500  10     1800  1415.69        NA        NA    0   206.79   438   438  1390539174
DT500-11  500  10     1800  609.259        NA        NA    0  206.312   440   440  2237887587
DT500-11  500  10     1800  1515.23        NA        NA    0  205.831   439   439   743813599
DT500-11  500  10     1800  727.644        NA        NA    0  207.313   439   439   781735547
DT500-11  500  10     1800  1769.34        NA        NA    0  207.075   441   441  2578519737
DT500-11  500  10     1800  134.865        NA        NA    0  207.366   440   440  3158294248
DT500-12  500  10     1800  167.066        NA        NA    0  205.278   431   431  2540436012
DT500-12  500  10     1800  410.589        NA        NA    0  204.842   430   430  3939589039
DT500-12  500  10     1800  543.481        NA        NA    0  202.846   431   431   833359814
DT500-12  500  10     1800  129.586        NA        NA    0   205.75   431   430  1357486903
DT500-12  500  10     1800  1790.26        NA        NA    0  206.005   431   431  1752908796
DT500-12  500  10     1800  1180.95        NA        NA    0  202.653   431   431  3015263055
DT500-12  500  10     1800  572.304        NA        NA    0  205.449   431   431  3565721115
DT500-12  500  10     1800  343.504        NA        NA    0  204.362   430   430  3644849388
DT500-12  500  10     1800  553.093        NA        NA    0  202.653   429   429  4030508595
DT500-12  500  10     1800  584.874        NA        NA    0  205.278   431   431  1453205751
DT500-13  500  10  1800.01  1246.78        NA        NA    0  206.444   431   431  2641497556
DT500-13  500  10     1800   717.96        NA        NA    0  203.057   433   433  2732443579
DT500-13  500  10     1800  45.5064        NA        NA    0  205.047   432   432  2570708235
DT500-13  500  10     1800  534.181        NA        NA    0  205.698   432   432  2519795607
DT500-13  500  10     1800  1406.69        NA        NA    0  204.206   436   436   528693396
DT500-13  500  10     1800   1580.7        NA        NA    0  204.621   437   437  1368812052
DT500-13  500  10     1800   421.66        NA        NA    0  203.001   436   436  3720837448
DT500-13  500  10  1800.01   470.25        NA        NA    0  203.296   436   436  4218721425
DT500-13  500  10     1800  816.705        NA        NA    0  203.485   436   436  3722297451
DT500-13  500  10     1800  494.035        NA        NA    0  208.092   437   437  2103426531
DT500-14  500  10     1800  1499.09        NA        NA    0  203.055   444   444  4015935670
DT500-14  500  10  1800.01  586.011        NA        NA    0  200.611   444   444   833537591
DT500-14  500  10  1800.01  24.2665        NA        NA    0  203.269   443   443  1164423117
DT500-14  500  10     1800  1335.15        NA        NA    0  203.723   443   443  3294366669
DT500-14  500  10     1800  462.137        NA        NA    0  203.055   444   444  4146968289
DT500-14  500  10  1800.01  194.338        NA        NA    0  203.055   444   444  1293362939
DT500-14  500  10     1800  511.857        NA        NA    0  203.578   443   443  2119228309
DT500-14  500  10     1800   1583.9        NA        NA    0  203.352   443   443  2650910984
DT500-14  500  10     1800   776.35        NA        NA    0  203.005   442   442  1570640984
DT500-14  500  10     1800   1281.9        NA        NA    0  200.624   442   442   805751396
DT500-15  500  10     1800  563.361        NA        NA    0  195.579   434   434  1168244198
DT500-15  500  10  1800.01  1195.87        NA        NA    0  195.579   433   433  1484556462
DT500-15  500  10     1800  1418.75        NA        NA    0  195.852   433   433  3916280524
DT500-15  500  10  1800.01  1676.24        NA        NA    0  194.955   433   433   274015697
DT500-15  500  10     1800  1435.46        NA        NA    0  195.579   434   434  3970960533
DT500-15  500  10  1800.01  1444.86        NA        NA    0  195.995   433   433   570078634
DT500-15  500  10     1800    579.6        NA        NA    0  195.852   434   434  4018096140
DT500-15  500  10     1800  447.571        NA        NA    0  194.191   434   434  1603288269
DT500-15  500  10     1800  458.546        NA        NA    0  195.852   436   436  1810370626
DT500-15  500  10     1800  870.259        NA        NA    0  195.579   436   436  2883512779
DT500-16  500  10  1800.01  436.941        NA        NA    0  203.893   441   441  3260211445
DT500-16  500  10     1800  273.093        NA        NA    0  205.756   442   441  4145137147
DT500-16  500  10     1800  1359.97        NA        NA    0  203.893   441   441  3709146378
DT500-16  500  10     1800  24.3513        NA        NA    0  202.091   442   442  1009593827
DT500-16  500  10     1800  872.901        NA        NA    0  206.791   442   442  3948186635
DT500-16  500  10     1800  1553.01        NA        NA    0  203.893   442   442   529193350
DT500-16  500  10     1800  480.209        NA        NA    0  202.734   440   440  2854327331
DT500-16  500  10     1800  1379.42        NA        NA    0  204.826   440   440  2439840833
DT500-16  500  10     1800  1253.61        NA        NA    0  204.439   440   440  1988145382
DT500-16  500  10  1800.03  806.595        NA        NA    0  203.938   441   441  3051665029
DT500-17  500  10     1800  1729.38        NA        NA    0  206.813   435   434    30853557
DT500-17  500  10     1800  994.422        NA        NA    0  209.692   434   434  1967992824
DT500-17  500  10  1800.01  1448.54        NA        NA    0  208.407   434   434  3932493832
DT500-17  500  10     1800   496.02        NA        NA    0  203.172   435   434  3672267832
DT500-17  500  10     1800   103.53        NA        NA    0  207.328   431   431  3221774167
DT500-17  500  10     1800  1411.36        NA        NA    0  207.472   431   431   244268441
DT500-17  500  10     1800  370.366        NA        NA    0  208.537   432   431  3539191649
DT500-17  500  10     1800  1063.73        NA        NA    0  209.692   432   432  3652635499
DT500-17  500  10     1800  1217.84        NA        NA    0  206.022   434   434  2480456867
DT500-17  500  10     1800  808.654        NA        NA    0  205.874   433   433   686712154
DT500-18  500  10     1800  74.8849        NA        NA    0  204.825   431   431  4118076100
DT500-18  500  10  1800.01  1625.25        NA        NA    0  202.736   431   431  1785186488
DT500-18  500  10  1800.01  116.702        NA        NA    0  204.825   431   431  1059843247
DT500-18  500  10     1800  602.758        NA        NA    0  204.825   432   432   663194582
DT500-18  500  10     1800  1515.21        NA        NA    0  202.895   432   432  1133652467
DT500-18  500  10  1800.01  815.761        NA        NA    0   204.51   432   432  1235762033
DT500-18  500  10  1800.01  1222.38        NA        NA    0  203.507   432   432   363004097
DT500-18  500  10     1800  623.338        NA        NA    0  204.825   432   432   636513452
DT500-18  500  10     1800  269.871        NA        NA    0  205.031   433   433  3104316658
DT500-18  500  10     1800  1162.01        NA        NA    0  204.222   432   432   743080620
DT500-19  500  10     1800  246.234        NA        NA    0  202.199   439   439  3490234124
DT500-19  500  10     1800  1241.32        NA        NA    0   202.45   439   438   481652706
DT500-19  500  10     1800  176.492        NA        NA    0  200.502   439   439  4192451932
DT500-19  500  10  1800.01   543.32        NA        NA    0  202.893   437   437  1133950741
DT500-19  500  10     1800   398.64        NA        NA    0  204.715   438   438  3324917987
DT500-19  500  10     1800   964.74        NA        NA    0  202.668   438   438  1057791396
DT500-19  500  10     1800  402.522        NA        NA    0  205.605   438   438   953231763
DT500-19  500  10  1800.01  32.6567        NA        NA    0  203.399   438   438  1778148324
DT500-19  500  10     1800  959.873        NA        NA    0  204.971   438   438  1851198643
DT500-19  500  10     1800  106.481        NA        NA    0  206.401   439   439  2362801915
DT500-20  500  10     1800   1637.8        NA        NA    0   202.95   444   444  1984035762
DT500-20  500  10     1800  785.413        NA        NA    0  202.905   442   442   784824569
DT500-20  500  10     1800  1463.63        NA        NA    0  198.433   442   442   642718162
DT500-20  500  10     1800  77.2312        NA        NA    0  203.286   443   443   643629531
DT500-20  500  10     1800  607.535        NA        NA    0  203.314   444   444  1848565149
DT500-20  500  10     1800  1669.58        NA        NA    0   201.15   444   444   406542664
DT500-20  500  10  1800.01  235.519        NA        NA    0  198.126   442   442  2003357894
DT500-20  500  10     1800  702.848        NA        NA    0  204.985   443   442  4028791266
DT500-20  500  10  1800.01  271.092        NA        NA    0  203.314   443   443  3020590721
DT500-20  500  10     1800  705.452        NA        NA    0  198.229   443   443  1764384873