              instance      n    k       time        ttb  cons_bal   cons_cmp     bal       cmp   repl   feas        seed
   del-n1000-k10-s8165   1000   10  1800.0004  1063.1704    0.3079   798.7810  0.0000  422.9343  11935   6651  3455397032
   del-n1000-k10-s8165   1000   10  1800.0004  1575.6530    0.1579   719.1594  0.0000  417.5304  11961   6642  1260342579
   del-n1000-k10-s8165   1000   10  1800.0083   368.8653    0.2439   642.7796  0.0000  420.4466  11974   6659   910701427
   del-n1000-k10-s8165   1000   10  1800.0003  1122.1046    0.1460   668.9378  0.0000  416.8421  12000   6635  3470239365
   del-n1000-k10-s8165   1000   10  1800.0004  1248.2863    0.5784   554.2575  0.0000  418.5003  12019   6621  2378387942
   del-n1000-k10-s8165   1000   10  1800.0034   189.4662    0.3792   546.7742  0.0000  423.1191  12105   6622    89803332
   del-n1000-k10-s8165   1000   10  1800.0004   431.4139    0.3964   978.6159  0.0000  425.2979  12017   6601  3686678801
   del-n1000-k10-s8165   1000   10  1800.0004  1381.8378    0.3249   973.3620  0.0000  418.5562  12129   6636  1965872220
   del-n1000-k10-s8165   1000   10  1800.0004    35.1623    0.6178   578.0890  0.0000  423.1191  11959   6631   411745729
   del-n1000-k10-s8165   1000   10  1800.0004   342.0969    0.8313   546.7742  0.0000  427.4161  12104   6695  3507818637
  del-n1000-k16-s51680   1000   16  1800.0003   537.2177    1.0336   703.1244  0.0000  354.1943  10533   5202  3180502953
  del-n1000-k16-s51680   1000   16  1800.0003    85.1299    1.8082   779.0202  0.0000  337.1464  10539   5316  2394779609
  del-n1000-k16-s51680   1000   16  1800.0003   393.6811    1.7761   500.1125  0.0000  338.9105  10498   5271  2147769676
  del-n1000-k16-s51680   1000   16  1800.0060   972.9347    2.6632   730.9620  0.0000  353.2798  10476   5211   115447394
  del-n1000-k16-s51680   1000   16  1800.0063  1409.3020    2.8868   465.2553  0.0000  345.0414  10460   5192  1000578383
  del-n1000-k16-s51680   1000   16  1800.0004   769.7253    0.7376   492.0761  0.0000  346.8011  10589   5177  1777982226
  del-n1000-k16-s51680   1000   16  1800.0003   522.3284    0.8222   516.5666  0.0000  341.8369  10479   5195  3180139739
  del-n1000-k16-s51680   1000   16  1800.0004  1707.0387    0.7727   567.7675  0.0000  346.0915  10480   5196  3565826562
  del-n1000-k16-s51680   1000   16  1800.0004  1498.0428    3.1368   463.8625  0.0000  353.1538  10526   5176  2362693394
  del-n1000-k16-s51680   1000   16  1800.0004   209.7755    2.6590   569.0021  0.0000  356.9805  10535   5151   705865674
   del-n1000-k5-s33335   1000    5  1800.0003    29.7451    0.0447   775.8180  0.0000  610.6529  12762  12564   892227136
   del-n1000-k5-s33335   1000    5  1800.0002     1.6736    0.0194   772.3070  0.0000  610.6529  12806  12604  1057967860
   del-n1000-k5-s33335   1000    5  1800.0110    65.2768    0.0178   775.8180  0.0000  610.6529  12817  12628  1752657199
   del-n1000-k5-s33335   1000    5  1800.0003     7.9754    0.0447   775.8180  0.0000  610.6529  12780  12615  2316856406
   del-n1000-k5-s33335   1000    5  1800.0004    29.8291    0.0447   775.8180  0.0000  610.6529  12719  12538   431443888
   del-n1000-k5-s33335   1000    5  1800.0003     0.2239    0.0187   775.8180  0.0000  610.6529  12708  12517   976134218
   del-n1000-k5-s33335   1000    5  1800.0004    19.5086    0.0447   775.8180  0.0000  610.6529  12750  12584  2230270359
   del-n1000-k5-s33335   1000    5  1800.0004    11.7720    0.0171   772.3070  0.0000  610.6529  12780  12564  3584686465
   del-n1000-k5-s33335   1000    5  1800.0003     9.1588    0.0080   676.4170  0.0000  610.6529  12814  12647  2842560429
   del-n1000-k5-s33335   1000    5  1800.0004    85.3875    0.0447   775.8180  0.0000  610.6529  12861  12688   225489014
del-n10000-k100-s46796  10000  100  1800.0003   583.1699   11.7097   236.6983  0.0000  224.8533   1676    469  4207949372
del-n10000-k100-s46796  10000  100  1800.1264  1300.7906   22.3346   224.5567  0.0000  222.2826   1675    439  3126545327
del-n10000-k100-s46796  10000  100  1800.0004   604.2379   25.1929   315.9243  0.0000  232.6324   1658    468  3174406500
del-n10000-k100-s46796  10000  100  1800.0003   347.4328   23.6237   312.0296  0.0000  239.5185   1647    462  4260442673
del-n10000-k100-s46796  10000  100  1800.0005  1488.8131   12.7973   355.4140  0.0000  220.5040   1640    451  2930856815
del-n10000-k100-s46796  10000  100  1800.0002  1102.0218   15.3373   302.9074  0.0000  226.3275   1660    469  2413867787
del-n10000-k100-s46796  10000  100  1800.0003   938.3461   16.5895   278.9153  0.0000  214.4766   1632    433  1037891595
del-n10000-k100-s46796  10000  100  1800.0002  1045.0012   19.7079   234.1507  0.0000  233.8110   1633    403  1413207611
del-n10000-k100-s46796  10000  100  1800.0002   653.9520   11.7804   290.6775  0.0000  232.7326   1653    488  3178322038
del-n10000-k100-s46796  10000  100  1800.0004   754.5977   13.2918   243.5932  0.0000  227.6440   1649    454  1988777148
del-n10000-k160-s41175  10000  160  1800.0003  1176.4051   33.1397   228.0270  0.0000  247.2753   1436      6  2043409456
del-n10000-k160-s41175  10000  160  1800.0003  1029.5621   38.7904   316.6099  0.0001  323.5135   1427      0  2251998612
del-n10000-k160-s41175  10000  160  1800.0004   533.4753   32.6525   322.6311  0.0000  323.8309   1439      1    50404837
del-n10000-k160-s41175  10000  160  1800.1387   591.8668   37.1315   302.2850  0.0000  291.4580   1440      4  2700997025
del-n10000-k160-s41175  10000  160  1800.0002  1174.1908   26.5417   290.1573  0.0000  290.1573   1423      0  2957914420
del-n10000-k160-s41175  10000  160  1800.0004  1733.7819   32.6321   262.2536  0.0000  259.9692   1434      3  4234936515
del-n10000-k160-s41175  10000  160  1800.0004  1366.2826   35.0555   267.9997  0.0000  270.0818   1428      3  1725072261
del-n10000-k160-s41175  10000  160  1800.0004  1105.1563   33.0094   245.3152  0.0002  215.7090   1450      0  2096835147
del-n10000-k160-s41175  10000  160  1800.0003  1113.3726   43.3718   203.6289  0.0000  196.9483   1414      4  4038273366
del-n10000-k160-s41175  10000  160  1800.1587   133.4679   36.6571   231.0136  0.0000  246.5113   1443      3   147172768
  del-n10000-k50-s4699  10000   50  1800.0004  1701.7235    1.5410   283.6874  0.0000  265.1731   1569   1383  2906812610
  del-n10000-k50-s4699  10000   50  1800.0001  1456.3911    5.4020   285.9770  0.0000  266.7956   1590   1403   403343486
  del-n10000-k50-s4699  10000   50  1800.0398     2.0398    3.7129   299.4162  0.0000  272.0808   1582   1432  1546616381
  del-n10000-k50-s4699  10000   50  1800.0003   170.2812    4.5719   291.6580  0.0000  270.2236   1559   1405  2922838097
  del-n10000-k50-s4699  10000   50  1800.0002  1052.9480    3.8211   315.9424  0.0000  266.6196   1560   1395   235853445
  del-n10000-k50-s4699  10000   50  1800.1098   425.7886    2.6786   334.7946  0.0000  264.6957   1586   1405  3693472623
  del-n10000-k50-s4699  10000   50  1800.0001  1047.3928    4.1825   301.8312  0.0000  244.7058   1545   1377   351052760
  del-n10000-k50-s4699  10000   50  1800.0504  1106.4926    2.4853   328.2065  0.0000  261.6963   1550   1402  3376791525
  del-n10000-k50-s4699  10000   50  1800.1516  1408.3002    5.6974   345.8056  0.0000  270.6863   1539   1362  2863713026
  del-n10000-k50-s4699  10000   50  1800.0001   293.6595    5.6757   293.3009  0.0000  274.6042   1557   1379  2542350369
  del-n2500-k12-s12455   2500   12  1800.0003  1721.7040    0.9000   470.4974  0.0000  402.6823   5330   5309  2048304269
  del-n2500-k12-s12455   2500   12  1800.0001  1171.1421    0.6060   524.2484  0.0000  401.7499   5261   5247  1002923644
  del-n2500-k12-s12455   2500   12  1800.0002   577.3791    0.8526   511.4770  0.0000  395.6060   5340   5324  4158334191
  del-n2500-k12-s12455   2500   12  1800.0002   780.8596    0.1395   513.3532  0.0000  399.2520   5240   5222  1031534849
  del-n2500-k12-s12455   2500   12  1800.0004  1742.2025    2.0179   451.9711  0.0000  397.1417   5304   5287  1422884538
  del-n2500-k12-s12455   2500   12  1800.0004   881.9674    0.4277   507.6370  0.0000  394.4947   5277   5250  2390816637
  del-n2500-k12-s12455   2500   12  1800.0003   111.5562    0.1700   469.9306  0.0000  396.3353   5283   5257   839597764
  del-n2500-k12-s12455   2500   12  1800.0005   219.7195    0.8754   490.5593  0.0000  398.2267   5329   5309  1388833289
  del-n2500-k12-s12455   2500   12  1800.0002  1072.3053    0.4125   448.4646  0.0000  393.6091   5217   5194  2976709074
  del-n2500-k12-s12455   2500   12  1800.0002  1196.8385    0.2024   710.6952  0.0000  398.1117   5341   5321   784839071
  del-n2500-k25-s15827   2500   25  1800.0002  1625.3093    2.0443   393.4858  0.0000  305.8739   5282   4399  1149369568
  del-n2500-k25-s15827   2500   25  1800.0004   184.7867    0.7221   404.8671  0.0000  300.5485   5324   4424  3556732164
  del-n2500-k25-s15827   2500   25  1800.0003   604.2537    2.1276  1000.4828  0.0000  313.8797   5282   4424   941485894
  del-n2500-k25-s15827   2500   25  1800.0002   142.3403    0.2652   396.7516  0.0000  314.2284   5412   4529   855847065
  del-n2500-k25-s15827   2500   25  1800.0001  1213.2731    1.0338   416.6110  0.0000  310.5903   5277   4341   589879623
  del-n2500-k25-s15827   2500   25  1800.0002  1632.2537    1.2901   369.9419  0.0000  317.5020   5288   4380  1768606477
  del-n2500-k25-s15827   2500   25  1800.0002  1582.8952    3.9666   393.3727  0.0000  302.2895   5360   4416   638533377
  del-n2500-k25-s15827   2500   25  1800.0002  1052.7133    1.4407   570.0705  0.0000  291.2756   5274   4421  2614419264
  del-n2500-k25-s15827   2500   25  1800.0002  1328.9774    4.9773   436.9128  0.0000  303.7199   5264   4347   118753225
  del-n2500-k25-s15827   2500   25  1800.0085   439.1600    1.7909   485.2998  0.0000  306.1684   5339   4402  4033904266
  del-n2500-k40-s32424   2500   40  1800.0003  1108.0916    3.8420   289.7598  0.0000  262.9271   6536   1250  2952049956
  del-n2500-k40-s32424   2500   40  1800.0003   112.6516    4.6071   347.7565  0.0000  268.8544   6550   1234  2266486685
  del-n2500-k40-s32424   2500   40  1800.0003   507.2834    5.7006   437.6040  0.0000  283.4241   6549   1229   405797454
  del-n2500-k40-s32424   2500   40  1800.0003   188.6817    5.6616   278.4064  0.0000  259.9722   6615   1244   299900091
  del-n2500-k40-s32424   2500   40  1800.0002   782.2472    3.4706   404.9680  0.0000  267.2144   6577   1236  1707691077
  del-n2500-k40-s32424   2500   40  1800.0002  1711.5667    4.7786   344.2534  0.0000  277.1702   6578   1230  4280383464
  del-n2500-k40-s32424   2500   40  1800.0002   789.0305    4.6426   303.1982  0.0000  281.4132   6591   1265  1176682949
  del-n2500-k40-s32424   2500   40  1800.0002  1799.7710    4.2145   311.1460  0.0000  264.2562   6645   1259  2126605560
  del-n2500-k40-s32424   2500   40  1800.0003  1171.6439   11.5160   388.4107  0.0000  266.3033   6586   1240  3879574284
  del-n2500-k40-s32424   2500   40  1800.0003  1472.0481    6.0166   384.2560  0.0000  273.0205   6569   1323  2693532840
  del-n5000-k25-s33654   5000   25  1800.0003    88.2969    2.0391   387.9625  0.0000  319.6377   2937   2880  2536666322
  del-n5000-k25-s33654   5000   25  1800.0002  1185.6606    2.0088   374.2077  0.0000  326.3627   2918   2852   545078509
  del-n5000-k25-s33654   5000   25  1800.0001    98.9294    0.1619   417.9378  0.0000  296.8749   2938   2867  2180581429
  del-n5000-k25-s33654   5000   25  1800.0002   575.4327    0.5159   408.9506  0.0000  328.0034   2980   2931  1009135526
  del-n5000-k25-s33654   5000   25  1800.0004   214.4796    1.8534   379.2782  0.0000  317.4079   2911   2853   164302265
  del-n5000-k25-s33654   5000   25  1800.0002   609.4398    2.8391   530.2606  0.0000  322.5692   2920   2868   553788418
  del-n5000-k25-s33654   5000   25  1800.0002   287.4334    4.5028   351.8850  0.0000  329.4459   2947   2904  2374680748
  del-n5000-k25-s33654   5000   25  1800.0004  1091.3967    2.5597   410.8104  0.0000  325.0825   2917   2866   320668497
  del-n5000-k25-s33654   5000   25  1800.0002  1129.2762    1.3745   396.5017  0.0000  315.5458   2902   2844  2295153954
  del-n5000-k25-s33654   5000   25  1800.0003  1369.5314    2.9604   368.9606  0.0000  330.7336   2899   2843  2393272914
  del-n5000-k50-s49035   5000   50  1800.0002   367.4992    5.3752   256.8922  0.0000  242.1170   3100   1767  2145044717
  del-n5000-k50-s49035   5000   50  1800.0004   171.9836    6.7225   275.5995  0.0000  243.7558   3086   1806  2887029160
  del-n5000-k50-s49035   5000   50  1800.0003  1123.8455    4.0578   326.3830  0.0000  264.4224   3104   1785  2056667980
  del-n5000-k50-s49035   5000   50  1800.0003   587.8419    7.5908   250.0010  0.0000  237.7914   3068   1786  3326725308
  del-n5000-k50-s49035   5000   50  1800.0003   923.1124    8.2350   288.8816  0.0000  249.2249   3091   1772   781788393
  del-n5000-k50-s49035   5000   50  1800.0002   865.0672    7.0827   285.8250  0.0000  255.7870   3023   1787  3134586694
  del-n5000-k50-s49035   5000   50  1800.0001  1535.5403    4.8020   283.0680  0.0000  241.9476   3045   1731  2307603167
  del-n5000-k50-s49035   5000   50  1800.0002   483.5313    3.3780   302.2683  0.0000  255.8802   3095   1737  1609761638
  del-n5000-k50-s49035   5000   50  1800.0002  1497.0188    6.2184   311.7020  0.0000  260.3056   3123   1798  2651385283
  del-n5000-k50-s49035   5000   50  1800.0004   108.4480    6.7009   296.8951  0.0000  246.3222   3122   1794  3830488022
  del-n5000-k80-s37325   5000   80  1800.0274   847.2644   14.7447   307.6407  0.0000  277.3953   3737     75  2771046994
  del-n5000-k80-s37325   5000   80  1800.0002   600.0595   20.5124   407.4477  0.0000  259.8742   3722     87  2120512186
  del-n5000-k80-s37325   5000   80  1800.0002  1459.1872   20.2330   245.0117  0.0000  248.5190   3743     80  4182224339
  del-n5000-k80-s37325   5000   80  1800.0002   883.3704   17.2795   285.5806  0.0000  248.5467   3729     88  4223050221
  del-n5000-k80-s37325   5000   80  1800.0003   256.2830   21.2750   281.0720  0.0000  256.5435   3705     77  3324554056
  del-n5000-k80-s37325   5000   80  1800.0255   715.2660   12.7219   263.9544  0.0000  239.3105   3758     71  4141635665
  del-n5000-k80-s37325   5000   80  1800.0003   687.8643   17.1130   263.0789  0.0000  263.2384   3739     81  1284273314
  del-n5000-k80-s37325   5000   80  1800.0002  1337.1520   21.4690   240.8748  0.0000  249.0438   3716     99   889787635
  del-n5000-k80-s37325   5000   80  1800.0002  1791.8504   11.2440   293.4290  0.0000  239.6976   3720     86  1052097763
  del-n5000-k80-s37325   5000   80  1800.0193   644.2346   16.0329   274.1120  0.0000  271.4166   3709     96   183677575
  del-n1000-k10-s20090   1000   10  1800.0004  1677.0897    4.3557   682.3347  0.0000  423.1281  10695   8897   551202722
  del-n1000-k10-s20090   1000   10  1800.0003   391.9528    1.9075   602.1747  0.0000  415.1238  10566   8792  2386466425
  del-n1000-k10-s20090   1000   10  1800.0003  1269.6568    0.4307   572.8135  0.0000  413.3539  10668   8821  3873106420
  del-n1000-k10-s20090   1000   10  1800.0003   332.6409    0.7626   519.3545  0.0000  415.4378  10631   8718  2146660498
  del-n1000-k10-s20090   1000   10  1800.0003  1746.0817    0.1003   577.4790  0.0000  418.4851  10588   8788  2282548902
  del-n1000-k10-s20090   1000   10  1800.0004   202.3640    2.0844   656.3247  0.0000  423.5697  10697   8859  2529159299
  del-n1000-k10-s20090   1000   10  1800.0032   715.1543    0.6139   969.7377  0.0000  416.5189  10569   8727   815216245
  del-n1000-k10-s20090   1000   10  1800.0003   447.4025    1.1078   623.4667  0.0000  423.6388  10582   8722  1559763863
  del-n1000-k10-s20090   1000   10  1800.0003   842.5567    0.4498   691.0736  0.0000  419.4102  10668   8772   522809104
  del-n1000-k10-s20090   1000   10  1800.0003  1263.6901    0.3294   662.1924  0.0000  420.5789  10556   8769   849230148
  del-n1000-k10-s21163   1000   10  1800.0003  1449.8735    0.1175   713.5682  0.0000  411.5643  10226   9323  1527731835
  del-n1000-k10-s21163   1000   10  1800.0004   135.9408    0.7178   477.1604  0.0000  412.4550  10305   9415  2364284255
  del-n1000-k10-s21163   1000   10  1800.0002  1180.1640    1.2955   555.5680  0.0000  413.7107  10288   9347  3478723243
  del-n1000-k10-s21163   1000   10  1800.0003  1441.6625    0.6017   464.6594  0.0000  402.4478  10254   9331  1245219897
  del-n1000-k10-s21163   1000   10  1800.0002  1549.2259    0.6757   474.4462  0.0000  414.1640  10283   9350  1211725101
  del-n1000-k10-s21163   1000   10  1800.0004   392.5609    1.0934   579.3420  0.0000  410.5720  10269   9305  3151608614
  del-n1000-k10-s21163   1000   10  1800.0003   628.7784    0.5884  1053.7725  0.0000  415.3781  10332   9445  2589112766
  del-n1000-k10-s21163   1000   10  1800.0003  1595.0618    1.3290   581.6269  0.0000  410.5720  10380   9460  4042913506
  del-n1000-k10-s21163   1000   10  1800.0002   223.2830    0.3557   678.4397  0.0000  403.2961  10437   9506   699780074
  del-n1000-k10-s21163   1000   10  1800.0003  1053.3374    0.8247   626.9185  0.0000  412.8929  10417   9484  1183744470
   del-n1000-k10-s8083   1000   10  1800.0003   302.9998    0.9745   622.4065  0.0000  419.6898  10269   9601  1298468351
   del-n1000-k10-s8083   1000   10  1800.0004   290.5110    0.3359   764.5247  0.0000  416.3479  10352   9725   456662162
   del-n1000-k10-s8083   1000   10  1800.0003   344.5135    0.9798   618.3781  0.0000  417.0668  10300   9670  2530026332
   del-n1000-k10-s8083   1000   10  1800.0002  1436.0695    0.7127   644.7557  0.0000  421.5339  10320   9679  3356981435
   del-n1000-k10-s8083   1000   10  1800.0003  1453.5924    0.7683   537.5920  0.0000  417.1381  10236   9613  3185965607
   del-n1000-k10-s8083   1000   10  1800.0003  1635.8338    0.3977   777.6923  0.0000  417.2973  10234   9691  1391055082
   del-n1000-k10-s8083   1000   10  1800.0003  1343.5664    0.0237   611.0133  0.0000  421.5339  10316   9686   588866836
   del-n1000-k10-s8083   1000   10  1800.0003   525.4748    1.4947   664.1108  0.0000  419.6898  10216   9633  2851713122
   del-n1000-k10-s8083   1000   10  1800.0003  1382.4617    0.8813   764.5005  0.0000  417.2973  10445   9815  2332780392
   del-n1000-k10-s8083   1000   10  1800.0004    39.6060    1.1794   517.7944  0.0000  417.9772  10447   9764  1491067428
   del-n1000-k16-s3985   1000   16  1800.0003   211.7545    1.8660   459.8353  0.0000  346.9156  12303   4592  4179775291
   del-n1000-k16-s3985   1000   16  1800.0004   867.8733    1.9622   560.3265  0.0000  360.7729  12491   4732  2906554765
   del-n1000-k16-s3985   1000   16  1800.0004   116.4334    1.4751   604.4821  0.0000  360.7729  12372   4741  1812202928
   del-n1000-k16-s3985   1000   16  1800.0004  1540.3460    0.8433   619.8860  0.0000  359.1606  12457   4707  2722297322
   del-n1000-k16-s3985   1000   16  1800.0004   394.7403    1.4534   718.3311  0.0000  352.4124  12431   4616  2345752561
   del-n1000-k16-s3985   1000   16  1800.0003   623.6851    3.4504   587.8288  0.0000  344.9264  12524   4633  2408798296
   del-n1000-k16-s3985   1000   16  1800.0003   144.5218    1.5073   486.0158  0.0000  343.9401  12298   4673  2502905262
   del-n1000-k16-s3985   1000   16  1800.0004   116.1444    1.7475   717.8891  0.0000  351.3339  12500   4703  2392645326
   del-n1000-k16-s3985   1000   16  1800.0003   800.6454    3.9079   488.1755  0.0000  360.1197  12492   4625  3850878130
   del-n1000-k16-s3985   1000   16  1800.0004  1736.7988    1.6266   494.4994  0.0000  359.8436  12387   4724  1210053535
  del-n1000-k16-s61071   1000   16  1800.0004  1545.3547    2.1002   737.1600  0.0000  362.3544  12814   3488  1389779055
  del-n1000-k16-s61071   1000   16  1800.0004  1460.4230    0.6631   701.2628  0.0000  378.6051  12804   3398  2702780482
  del-n1000-k16-s61071   1000   16  1800.0004  1295.3738    2.4147   633.2382  0.0000  373.0336  12822   3575  2530373703
  del-n1000-k16-s61071   1000   16  1800.0004   855.9302    2.5585  1004.8847  0.0000  371.3266  12738   3518  3254168860
  del-n1000-k16-s61071   1000   16  1800.0004  1310.7886    0.3800   602.1253  0.0000  364.9518  13005   3532  2847364381
  del-n1000-k16-s61071   1000   16  1800.0003   138.8161    1.3251   456.4876  0.0000  369.6978  12830   3480  2875304155
  del-n1000-k16-s61071   1000   16  1800.0004  1084.8863    0.9849   424.3919  0.0000  362.3039  12814   3473   201455222
  del-n1000-k16-s61071   1000   16  1800.0025   714.5882    2.5461   573.1821  0.0000  371.1038  12894   3479  3105266999
  del-n1000-k16-s61071   1000   16  1800.0003  1309.8041    2.7590  1000.4029  0.0000  359.8903  12807   3520  2929309275
  del-n1000-k16-s61071   1000   16  1800.0003   347.8962    2.7314   438.4178  0.0000  374.2514  12780   3469  3136596784
    del-n1000-k16-s801   1000   16  1800.0003  1112.2349    1.7538   674.8041  0.0000  374.4132  12899   3285  2354766607
    del-n1000-k16-s801   1000   16  1800.0005   740.3668    1.8216   525.4711  0.0000  379.7489  12979   3246  2863318408
    del-n1000-k16-s801   1000   16  1800.0004  1752.8475    2.0298   597.5720  0.0000  350.3796  12935   3202  3187356021
    del-n1000-k16-s801   1000   16  1800.0004   488.1106    1.4339   520.9850  0.0000  373.2669  12977   3221  3670282811
    del-n1000-k16-s801   1000   16  1800.0004   111.8880    1.8983   488.8331  0.0000  349.3939  12831   3182  2974099302
    del-n1000-k16-s801   1000   16  1800.0004  1786.8694    1.9389   620.3184  0.0000  370.9885  12890   3151  2397040430
    del-n1000-k16-s801   1000   16  1800.0044  1583.6084    3.0380   448.6950  0.0000  374.8491  12846   3310  1873576124
    del-n1000-k16-s801   1000   16  1800.0003    97.6753    2.4050   445.1934  0.0000  361.6053  12893   3222  1192404671
    del-n1000-k16-s801   1000   16  1800.0003   816.2665    3.4744   791.0861  0.0000  374.2210  12743   3216  2864964865
    del-n1000-k16-s801   1000   16  1800.0004  1227.9188    0.5438   753.1478  0.0000  374.6721  12790   3223  1743504368
    del-n1000-k5-s2292   1000    5  1800.0003  1498.6006    0.0962   835.3810  0.0000  620.4622  12676  12585  3333070761
    del-n1000-k5-s2292   1000    5  1800.0003   185.4141    0.2022  1011.8280  0.0000  618.1947  12756  12681  4259130588
    del-n1000-k5-s2292   1000    5  1800.0004  1540.9857    0.2284  1032.9043  0.0000  615.4256  12645  12543   672095429
    del-n1000-k5-s2292   1000    5  1800.0003   210.7306    0.0087  1029.4601  0.0000  619.3915  12687  12595  4113421833
    del-n1000-k5-s2292   1000    5  1800.0003  1155.4431    0.3721  1011.8280  0.0000  618.1937  12834  12736   330723509
    del-n1000-k5-s2292   1000    5  1800.0004  1642.1716    0.3721  1011.8280  0.0000  618.1937  12616  12525  2311867450
    del-n1000-k5-s2292   1000    5  1800.0003  1180.8191    0.1081   835.3810  0.0000  620.4622  12718  12624   946165940
    del-n1000-k5-s2292   1000    5  1800.0003   321.6010    0.0000  1029.4601  0.0000  614.9066  12756  12672  2608754042
    del-n1000-k5-s2292   1000    5  1800.0003   769.6684    0.0192  1032.9043  0.0000  619.7073  12784  12683   376300648
    del-n1000-k5-s2292   1000    5  1800.0018   294.6540    0.2022  1011.8280  0.0000  615.4256  12813  12709  3002714679
   del-n1000-k5-s54458   1000    5  1800.0003  1507.1361    0.0121   738.3022  0.0000  607.5036  12452  12338   587191132
   del-n1000-k5-s54458   1000    5  1800.0003   440.1102    0.0034   879.0218  0.0000  614.2811  12433  12309  3682241390
   del-n1000-k5-s54458   1000    5  1800.0003   429.1029    0.4515   995.5143  0.0000  612.2709  12413  12306  4288353396
   del-n1000-k5-s54458   1000    5  1800.0003   727.6852    0.0002   995.5143  0.0000  611.6854  12417  12290  1392266765
   del-n1000-k5-s54458   1000    5  1800.0003   433.7416    0.0103   995.5143  0.0000  612.4917  12346  12195  1504897237
   del-n1000-k5-s54458   1000    5  1800.0003  1133.3739    0.0081   981.2894  0.0000  611.0428  12411  12260  1724578046
   del-n1000-k5-s54458   1000    5  1800.0003  1240.8488    0.0000  1041.7405  0.0000  613.6586  12395  12283   697182678
   del-n1000-k5-s54458   1000    5  1800.0003  1728.9902    0.0276   845.8832  0.0000  611.3635  12239  12122   838938505
   del-n1000-k5-s54458   1000    5  1800.0003  1394.4985    0.0122   796.2216  0.0000  611.0428  12378  12234  4272108572
   del-n1000-k5-s54458   1000    5  1800.0004  1292.6645    0.0430   707.7415  0.0000  614.0078  12473  12341  2658632500
   del-n1000-k5-s59721   1000    5  1800.0003    21.6955    0.0000   825.8621  0.0000  610.6518  13841  13778  3226215082
   del-n1000-k5-s59721   1000    5  1800.0003    30.2718    0.0000   954.4121  0.0000  610.6518  13691  13616  2258552252
   del-n1000-k5-s59721   1000    5  1800.0003    12.1420    0.0000   777.2268  0.0000  610.6518  13701  13631  4039902338
   del-n1000-k5-s59721   1000    5  1800.0003    30.3359    0.0000   970.1892  0.0000  610.6518  13717  13646  4045515002
   del-n1000-k5-s59721   1000    5  1800.0004    18.2104    0.0000   987.1986  0.0000  610.6518  13777  13697  3662294351
   del-n1000-k5-s59721   1000    5  1800.0003    32.7984    0.0000   828.6138  0.0000  610.6518  13563  13512  2121885410
   del-n1000-k5-s59721   1000    5  1800.0003    35.0784    0.0402   744.8826  0.0000  610.6518  13530  13459  2166009203
   del-n1000-k5-s59721   1000    5  1800.0003     5.7140    0.0000  1000.1541  0.0000  610.6518  13672  13590  2371201628
   del-n1000-k5-s59721   1000    5  1800.0038    16.7475    0.0000   994.6033  0.0000  610.6518  13819  13737  1081202158
   del-n1000-k5-s59721   1000    5  1800.0090     7.8150    0.0000   844.4033  0.0000  610.6518  13802  13730  1763767155
del-n10000-k100-s11912  10000  100  1800.0003  1139.4194   12.7706   296.0999  0.0000  214.5931   1768    552  3649230724
del-n10000-k100-s11912  10000  100  1800.0002    64.2128   17.9228   218.7047  0.0000  219.8190   1774    530  3292736276
del-n10000-k100-s11912  10000  100  1800.0002  1627.9689   18.6011   314.7743  0.0000  224.2832   1739    511  3894154743
del-n10000-k100-s11912  10000  100  1800.0003   648.8009   17.3335   230.9187  0.0000  226.5082   1732    528  3386494729
del-n10000-k100-s11912  10000  100  1800.0003   708.0532   13.9246   230.8039  0.0000  223.2940   1750    503  1333610414
del-n10000-k100-s11912  10000  100  1800.0628  1015.3859   14.9871   235.2898  0.0000  232.0849   1764    481  2655744456
del-n10000-k100-s11912  10000  100  1800.0266   578.1857   15.8292   239.9600  0.0000  221.8670   1753    525  1794187119
del-n10000-k100-s11912  10000  100  1800.0669   320.9212   19.3133   795.4612  0.0000  224.7405   1757    522  1863940413
del-n10000-k100-s11912  10000  100  1800.0473   167.8950   13.5506   778.7232  0.0000  207.2758   1752    498  2605501700
del-n10000-k100-s11912  10000  100  1800.0004   159.7626    7.8903   374.6420  0.0000  217.0401   1788    547  3804284251
del-n10000-k100-s41105  10000  100  1800.0004  1668.7211   11.3095   248.1524  0.0000  228.5693   1821    443  3239143982
del-n10000-k100-s41105  10000  100  1800.0003   326.9098   24.4862   232.3168  0.0000  223.6178   1788    438  1994285545
del-n10000-k100-s41105  10000  100  1800.0972  1700.2875   11.5193   236.1806  0.0000  227.7430   1791    426  4148619637
del-n10000-k100-s41105  10000  100  1800.0406   916.4657   11.4002   243.7255  0.0000  233.3466   1810    450  2604716084
del-n10000-k100-s41105  10000  100  1800.0003   741.0760   14.3065   233.8353  0.0000  217.4631   1797    428   486216651
del-n10000-k100-s41105  10000  100  1800.0003    40.1117   14.6913   235.6513  0.0000  230.4766   1808    425   797547451
del-n10000-k100-s41105  10000  100  1800.0004   416.2839   14.2336   213.1852  0.0000  208.3813   1791    451  4097252393
del-n10000-k100-s41105  10000  100  1800.1206   516.7130   20.1343   284.5759  0.0000  223.4015   1809    453  4256962332
del-n10000-k100-s41105  10000  100  1800.0004   557.9649   15.1264   204.6233  0.0000  211.6590   1812    464  1016027632
del-n10000-k100-s41105  10000  100  1800.0004    81.4621   13.0143   357.3359  0.0000  215.8425   1810    426  1541560012
del-n10000-k100-s62397  10000  100  1800.0002   715.8392   15.9436   217.9947  0.0000  217.3140   1728    614  1246031758
del-n10000-k100-s62397  10000  100  1800.1371   969.7429   18.3039   232.3841  0.0000  219.5952   1738    608  2113698936
del-n10000-k100-s62397  10000  100  1800.0001  1392.7149   21.8711   206.3582  0.0000  208.7886   1722    655  1722964878
del-n10000-k100-s62397  10000  100  1800.0004   225.7471   13.9419   216.5425  0.0000  205.9585   1751    618  2776044557
del-n10000-k100-s62397  10000  100  1800.0003   129.9970    9.4759   216.8931  0.0000  206.1295   1734    646  1224109011
del-n10000-k100-s62397  10000  100  1800.0003   114.5246   17.2278   260.5588  0.0000  224.6962   1717    622  2595441366
del-n10000-k100-s62397  10000  100  1800.0003  1038.8709   12.8206   227.5606  0.0000  219.5179   1737    645   702093259
del-n10000-k100-s62397  10000  100  1800.0004   160.2830   19.9726   213.4206  0.0000  220.9075   1752    639  4244020559
del-n10000-k100-s62397  10000  100  1800.0972  1137.6267   19.8537   228.1098  0.0000  212.5258   1727    620  3286535552
del-n10000-k100-s62397  10000  100  1800.0002    30.5137   10.7546   231.9254  0.0000  208.3926   1726    587  2062109234
 del-n10000-k160-s1986  10000  160  1800.0014   813.6071   28.1060   515.0063  0.0003  283.3490   1578      0  3237672306
 del-n10000-k160-s1986  10000  160  1800.0003  1258.3939   21.6373   293.5258  0.0000  257.9279   1570      3   297639600
 del-n10000-k160-s1986  10000  160  1800.0002  1594.7056   31.7431   263.0107  0.0000  267.8240   1570      2  2852406838
 del-n10000-k160-s1986  10000  160  1800.0003   692.7422   35.7031   305.4730  0.0000  302.1259   1576      1  1782798902
 del-n10000-k160-s1986  10000  160  1800.0004  1622.2201   33.0735   283.7322  0.0000  287.2572   1611      2  4194840824
 del-n10000-k160-s1986  10000  160  1800.0004   669.1832   34.8444   284.1137  0.0000  281.0398   1555      1  2817610343
 del-n10000-k160-s1986  10000  160  1800.0003  1509.9715   30.6666   273.3279  0.0002  272.6315   1574      0  3834628821
 del-n10000-k160-s1986  10000  160  1800.0004    60.9226   31.9094   573.3878  0.0003  530.4948   1574      0  1095330943
 del-n10000-k160-s1986  10000  160  1800.0003   487.7737   29.1277   381.8430  0.0007  337.0805   1576      0  2995110404
 del-n10000-k160-s1986  10000  160  1800.0004  1723.7543   35.6006   277.0890  0.0002  305.2954   1590      0   416976541
 del-n10000-k160-s7151  10000  160  1800.0578   206.9592   33.2725   276.6863  0.0000  297.2833   1517      2  2780642951
 del-n10000-k160-s7151  10000  160  1800.0004    76.9686   31.3092   258.9403  0.0000  286.4411   1510      2   346950338
 del-n10000-k160-s7151  10000  160  1800.0004  1207.7209   34.1293   432.3065  0.0000  368.3800   1495      2  2836409471
 del-n10000-k160-s7151  10000  160  1800.0003  1097.0320   41.5355   328.4777  0.0000  306.7305   1499      4  3682664563
 del-n10000-k160-s7151  10000  160  1800.0003   460.1940   41.2115   243.3337  0.0000  216.4511   1492      6  1558883738
 del-n10000-k160-s7151  10000  160  1800.1233  1675.1882   38.2857   207.8315  0.0000  214.4779   1505      2   334737854
 del-n10000-k160-s7151  10000  160  1800.0002   145.5047   34.3874   275.2367  0.0000  305.7738   1511      0  1696015402
 del-n10000-k160-s7151  10000  160  1800.0003   849.6845   36.7848   400.1020  0.0000  393.2695   1481      2  1411885328
 del-n10000-k160-s7151  10000  160  1800.0164   695.2513   48.1279   228.5288  0.0000  287.1624   1512      1  2924186062
 del-n10000-k160-s7151  10000  160  1800.0004  1198.8440   31.6987   214.8748  0.0000  214.8748   1509      2  3709098333
 del-n10000-k160-s7725  10000  160  1800.0003   781.8773   28.5771   270.5473  0.0000  262.9396   1594     11  1043745553
 del-n10000-k160-s7725  10000  160  1800.0003  1522.6035   40.1947   283.1387  0.0000  304.3408   1606     10  2034365272
 del-n10000-k160-s7725  10000  160  1800.0005    13.2424   26.5649   357.8126  0.0000  365.3267   1604      8  1076848215
 del-n10000-k160-s7725  10000  160  1800.0004  1019.3798   27.0499   251.7739  0.0000  239.0744   1594     14  1524082235
 del-n10000-k160-s7725  10000  160  1800.0002  1176.1751   28.0628   346.0371  0.0000  314.6400   1599      8   549525425
 del-n10000-k160-s7725  10000  160  1800.0020   699.7801   34.7843   193.5593  0.0000  206.0281   1614     13   354805544
 del-n10000-k160-s7725  10000  160  1800.0458  1222.1877   27.8855   243.8743  0.0000  252.4811   1618     14  2369923263
 del-n10000-k160-s7725  10000  160  1800.0002  1169.8451   38.1584   278.3486  0.0000  253.9754   1606     12  1561361974
 del-n10000-k160-s7725  10000  160  1800.0003  1310.1370   39.0745   398.2360  0.0000  316.9503   1610      6  1405914637
 del-n10000-k160-s7725  10000  160  1800.1135  1155.9997   30.5678   271.9171  0.0000  257.5656   1616     10  1855865440
 del-n10000-k50-s13697  10000   50  1800.0003   220.5146    3.5840   282.3901  0.0000  268.4741   1592   1301  2138054241
 del-n10000-k50-s13697  10000   50  1800.0003   358.8561    2.9867   294.1685  0.0000  267.7780   1596   1336    46579499
 del-n10000-k50-s13697  10000   50  1800.0003  1415.4123    2.0701   309.2189  0.0000  272.7076   1614   1318  2114669217
 del-n10000-k50-s13697  10000   50  1800.0409   431.0883    8.8908   331.2743  0.0000  274.8517   1608   1321  2212539655
 del-n10000-k50-s13697  10000   50  1800.0003  1180.2421    5.0212   315.3182  0.0000  282.1804   1608   1304  1251422847
 del-n10000-k50-s13697  10000   50  1800.0002  1218.0971    4.1209   287.4931  0.0000  267.2862   1589   1290  2327393819
 del-n10000-k50-s13697  10000   50  1800.0793  1692.7705    5.3664   291.0348  0.0000  265.2297   1623   1345  4273742629
 del-n10000-k50-s13697  10000   50  1800.0003   538.6364    4.9343   284.7312  0.0000  256.1566   1594   1333  2610400774
 del-n10000-k50-s13697  10000   50  1800.0004   255.1265    4.3270   274.4365  0.0000  262.9105   1628   1320  3609267045
 del-n10000-k50-s13697  10000   50  1800.0002   692.7090    7.0149   284.9774  0.0000  262.1839   1597   1304   822918155
 del-n10000-k50-s16765  10000   50  1800.0002   545.0366    5.5955   293.6142  0.0000  269.5696   1622   1550  2848004212
 del-n10000-k50-s16765  10000   50  1800.0005   335.2016    3.9358   285.3365  0.0000  266.7659   1619   1515  2756601783
 del-n10000-k50-s16765  10000   50  1800.0001   880.1862    4.2574   301.0975  0.0000  255.3559   1596   1510   996816064
 del-n10000-k50-s16765  10000   50  1800.0004   594.4641    4.9485   280.5318  0.0000  275.3164   1604   1503   719953999
 del-n10000-k50-s16765  10000   50  1800.0005   107.3891    6.4094   288.4626  0.0000  265.7917   1627   1527    38128123
 del-n10000-k50-s16765  10000   50  1800.0002  1204.6445    8.7324   294.4783  0.0000  275.0351   1578   1481   866248493
 del-n10000-k50-s16765  10000   50  1800.0004   289.3052    6.8980   289.1504  0.0000  271.8364   1600   1501  2392619200
 del-n10000-k50-s16765  10000   50  1800.1374  1389.0274    4.3753   328.2836  0.0000  261.3213   1634   1521  4142088545
 del-n10000-k50-s16765  10000   50  1800.0004  1223.6647    6.8014   277.1023  0.0000  253.1656   1589   1491  2145067418
 del-n10000-k50-s16765  10000   50  1800.0002  1064.2445    4.3810   295.6282  0.0000  252.5531   1600   1491   141206001
  del-n10000-k50-s2196  10000   50  1800.0006  1667.8971    2.4737   300.7102  0.0000  250.1168   1627   1562  3346168061
  del-n10000-k50-s2196  10000   50  1800.1331   469.6091   10.7721   277.2491  0.0000  266.0562   1625   1562  4010616348
  del-n10000-k50-s2196  10000   50  1800.0002  1461.7866    3.6126   316.8353  0.0000  266.8040   1624   1557  4138843593
  del-n10000-k50-s2196  10000   50  1800.0002   800.6925    4.0999   269.1868  0.0000  259.8229   1620   1538  3196276981
  del-n10000-k50-s2196  10000   50  1800.0003    95.2184    3.8730   310.0685  0.0000  261.6781   1603   1537  2014980781
  del-n10000-k50-s2196  10000   50  1800.0093   191.4010    6.5452   279.4937  0.0000  267.1780   1599   1545  1311948148
  del-n10000-k50-s2196  10000   50  1800.0004   434.3486    5.7495   304.2334  0.0000  270.0059   1607   1534  1620860598
  del-n10000-k50-s2196  10000   50  1800.1133   806.9876    4.8577   324.9697  0.0000  263.5414   1602   1534   407911699
  del-n10000-k50-s2196  10000   50  1800.0002    75.0575    6.2743   356.4369  0.0000  268.9575   1605   1533  4202341108
  del-n10000-k50-s2196  10000   50  1800.0005   865.0521    3.1855   332.2558  0.0000  254.7075   1621   1548  4101867359
  del-n2500-k12-s21271   2500   12  1800.0002   361.2166    0.0164   542.2557  0.0000  404.1175   5208   5105  3862496537
  del-n2500-k12-s21271   2500   12  1800.0003   526.1823    0.2199   531.9224  0.0000  400.8713   5226   5124  2420060157
  del-n2500-k12-s21271   2500   12  1800.0251   264.0037    0.2437   560.7053  0.0000  395.7788   5265   5155  2178480920
  del-n2500-k12-s21271   2500   12  1800.0004   551.8712    0.1152   456.8048  0.0000  399.5887   5248   5146   770779571
  del-n2500-k12-s21271   2500   12  1800.0001  1092.8749    0.0722   801.0031  0.0000  401.2840   5212   5116  2749250794
  del-n2500-k12-s21271   2500   12  1800.0004  1685.9840    1.0055   459.8991  0.0000  404.8519   5226   5134  3862710841
  del-n2500-k12-s21271   2500   12  1800.0004  1293.0383    0.0658   553.8398  0.0000  398.7262   5277   5187  2097170057
  del-n2500-k12-s21271   2500   12  1800.0003  1313.3631    0.1524   698.3004  0.0000  406.3725   5335   5230  1848554378
  del-n2500-k12-s21271   2500   12  1800.0002  1411.4752    0.0582   524.5671  0.0000  403.9777   5222   5127  4161990410
  del-n2500-k12-s21271   2500   12  1800.0003  1515.1159    0.0058   518.5235  0.0000  399.7973   5253   5154  3803961494
  del-n2500-k12-s48959   2500   12  1800.0003   275.2794    0.0395   604.3924  0.0000  407.2262   5247   5175  3175091780
  del-n2500-k12-s48959   2500   12  1800.0003  1232.5554    0.0474   601.6832  0.0000  388.6267   5279   5202  3572209787
  del-n2500-k12-s48959   2500   12  1800.0003  1462.2190    1.3301   571.1790  0.0000  407.3456   5256   5191  1130901697
  del-n2500-k12-s48959   2500   12  1800.0103    28.6850    0.2000   491.4399  0.0000  401.4660   5182   5117  2917264221
  del-n2500-k12-s48959   2500   12  1800.0002    26.9620    0.2289   572.0130  0.0000  403.3904   5211   5154  1409876972
  del-n2500-k12-s48959   2500   12  1800.0002   263.4380    0.1193   490.2323  0.0000  407.0616   5231   5159  1865801501
  del-n2500-k12-s48959   2500   12  1800.0002   921.9682    0.0283   536.2531  0.0000  400.7231   5193   5135   423980061
  del-n2500-k12-s48959   2500   12  1800.0003   219.0845    0.0303   782.6628  0.0000  399.9848   5284   5206  2498869519
  del-n2500-k12-s48959   2500   12  1800.0003   124.7898    0.1217   649.3922  0.0000  403.5591   5270   5181  1566740279
  del-n2500-k12-s48959   2500   12  1800.0004   627.7152    0.1133   512.0937  0.0000  406.4589   5285   5216  3785821712
  del-n2500-k12-s57389   2500   12  1800.0003   416.5258    0.7432   509.5262  0.0000  390.9086   5342   5240  2795426679
  del-n2500-k12-s57389   2500   12  1800.0290   519.6169    0.0706   538.5972  0.0000  402.1357   5308   5183  3824049721
  del-n2500-k12-s57389   2500   12  1800.0004   935.6630    0.0366   573.0450  0.0000  405.0673   5287   5178   801619919
  del-n2500-k12-s57389   2500   12  1800.0004    25.7876    0.2030   646.4461  0.0000  399.8411   5240   5113  1013289001
  del-n2500-k12-s57389   2500   12  1800.0001   278.8716    0.0278   519.0314  0.0000  395.2107   5255   5151  3202903783
  del-n2500-k12-s57389   2500   12  1800.0001  1009.9282    0.6559   523.6484  0.0000  403.7121   5241   5110   155613537
  del-n2500-k12-s57389   2500   12  1800.0003  1451.1890    0.3032   579.0456  0.0000  400.9246   5264   5142  3338903238
  del-n2500-k12-s57389   2500   12  1800.0003   148.5003    0.1586   559.2909  0.0000  406.6388   5365   5247   510389217
  del-n2500-k12-s57389   2500   12  1800.0004  1364.1572    0.2365   482.3935  0.0000  404.4753   5274   5159  2778942650
  del-n2500-k12-s57389   2500   12  1800.0003   926.7036    0.0911   503.8899  0.0000  409.1760   5190   5068  3927614321
  del-n2500-k25-s25485   2500   25  1800.0151   300.0284    0.8229   452.9582  0.0000  306.6717   5262   3773  1761080586
  del-n2500-k25-s25485   2500   25  1800.0003  1338.7236    3.0071   356.5054  0.0000  307.6903   5287   3765  1992179107
  del-n2500-k25-s25485   2500   25  1800.0004   325.0943    2.9128   354.9456  0.0000  306.7476   5229   3667  3856314443
  del-n2500-k25-s25485   2500   25  1800.0003  1758.3737    0.4925   415.2247  0.0000  288.7760   5256   3709  1696592658
  del-n2500-k25-s25485   2500   25  1800.0003   415.1481    4.7053   355.2181  0.0000  298.0664   5174   3647  3453380154
  del-n2500-k25-s25485   2500   25  1800.0002  1575.2001    2.8687   366.3773  0.0000  302.0757   5216   3754  3521802958
  del-n2500-k25-s25485   2500   25  1800.0002  1670.6580    3.2061   382.5351  0.0000  302.9603   5196   3711  2358397087
  del-n2500-k25-s25485   2500   25  1800.0002  1235.0664    1.3593   391.4992  0.0000  306.6656   5286   3754  2569516881
  del-n2500-k25-s25485   2500   25  1800.0003    99.6869    1.6373   421.2417  0.0000  314.0758   5320   3789  2114267322
  del-n2500-k25-s25485   2500   25  1800.0004   445.9536    1.4706   424.1563  0.0000  296.9591   5242   3667  1905477687
  del-n2500-k25-s36465   2500   25  1800.0003  1223.1094    3.3332   381.3161  0.0000  300.4464   5711   3713  3454337720
  del-n2500-k25-s36465   2500   25  1800.0004   496.6834    2.0753   441.4869  0.0000  311.1650   5721   3712    76379064
  del-n2500-k25-s36465   2500   25  1800.0004  1037.8464    2.9808   429.0851  0.0000  305.3149   5863   3766  1437025751
  del-n2500-k25-s36465   2500   25  1800.0003  1418.6432    2.4528   371.8085  0.0000  313.4992   5746   3743  1566910548
  del-n2500-k25-s36465   2500   25  1800.0003  1477.0467    1.5145   396.4276  0.0000  314.9357   5841   3760   352023734
  del-n2500-k25-s36465   2500   25  1800.0002  1787.4650    1.9219   341.6138  0.0000  308.5076   5808   3809  2865666558
  del-n2500-k25-s36465   2500   25  1800.0004   421.6239    2.2272   350.8220  0.0000  302.5675   5796   3797   641776702
  del-n2500-k25-s36465   2500   25  1800.0002  1666.1457    1.0317   401.6475  0.0000  308.1774   5781   3740   551037070
  del-n2500-k25-s36465   2500   25  1800.0003  1395.3318    2.4978   369.4429  0.0000  301.2576   5752   3750  1907381490
  del-n2500-k25-s36465   2500   25  1800.0003   394.8360    2.3020   336.9291  0.0000  305.3787   5832   3777  2091158586
  del-n2500-k25-s42468   2500   25  1800.0002   705.9587    4.1781   412.5190  0.0000  297.7077   5361   3746   614638505
  del-n2500-k25-s42468   2500   25  1800.0004  1528.1236    2.7659   398.7103  0.0000  300.3810   5385   3781  1957550669
  del-n2500-k25-s42468   2500   25  1800.0003   891.0486    2.3022   378.6259  0.0000  314.4643   5361   3685   654004332
  del-n2500-k25-s42468   2500   25  1800.0002   686.8431    1.2432   412.8894  0.0000  301.2601   5395   3756  3531588201
  del-n2500-k25-s42468   2500   25  1800.0002   370.5312    3.9414   414.2906  0.0000  301.4555   5392   3714  4039827205
  del-n2500-k25-s42468   2500   25  1800.0002  1667.8218    2.2347   655.9471  0.0000  297.2078   5462   3718  3608214734
  del-n2500-k25-s42468   2500   25  1800.0003  1760.4059    1.6599   640.2827  0.0000  304.6700   5415   3786  1600782987
  del-n2500-k25-s42468   2500   25  1800.0002  1713.3486    4.3072   339.1599  0.0000  286.1239   5360   3737   646761090
  del-n2500-k25-s42468   2500   25  1800.0072   950.2578    2.4738   373.1366  0.0000  308.2070   5431   3837  3049658739
  del-n2500-k25-s42468   2500   25  1800.0003  1637.1096    2.6804   468.7705  0.0000  306.5098   5444   3719  4277772485
  del-n2500-k40-s25162   2500   40  1800.0002  1305.0177    7.0970   476.4551  0.0000  326.1534   7726     79  2458128649
  del-n2500-k40-s25162   2500   40  1800.0002  1232.2059    4.2399   412.0079  0.0000  383.7007   7681     70  3174541527
  del-n2500-k40-s25162   2500   40  1800.0002    39.0013    5.5922   368.0065  0.0000  330.6533   7693     87  2608605814
  del-n2500-k40-s25162   2500   40  1800.0002  1651.5268   10.9289   333.6584  0.0000  342.2008   7681     76  4274255720
  del-n2500-k40-s25162   2500   40  1800.0003  1618.6468    5.7127   519.2994  0.0000  351.1471   7667     86   504526602
  del-n2500-k40-s25162   2500   40  1800.0002  1172.7789    8.3672   377.5536  0.0000  331.9597   7673     76  2582954526
  del-n2500-k40-s25162   2500   40  1800.0003  1050.0694    4.0496   338.6440  0.0000  317.5698   7701     87  4019067638
  del-n2500-k40-s25162   2500   40  1800.0002  1781.7086   10.9405   353.5972  0.0000  336.5524   7627     62  3520123803
  del-n2500-k40-s25162   2500   40  1800.0003   390.0049    6.7865   370.0277  0.0000  351.1910   7753     78  3990376277
  del-n2500-k40-s25162   2500   40  1800.0003   942.9646    6.5428   319.9275  0.0000  329.8525   7747     80   790519804
  del-n2500-k40-s37470   2500   40  1800.0003   352.5102    7.2216   345.6289  0.0000  300.0575   6756    853   985545429
  del-n2500-k40-s37470   2500   40  1800.0002  1568.8774    8.8305   315.2947  0.0000  286.8799   6764    855  2300743001
  del-n2500-k40-s37470   2500   40  1800.0002   513.8434   11.8694   422.3943  0.0000  302.1553   6722    809  1395226968
  del-n2500-k40-s37470   2500   40  1800.0003   758.8597   10.9801   384.0633  0.0000  288.2023   6738    878  1260785863
  del-n2500-k40-s37470   2500   40  1800.0002  1751.0111    8.1878   298.8710  0.0000  273.8525   6759    852  1464258968
  del-n2500-k40-s37470   2500   40  1800.0002   189.5275    5.1117   305.9015  0.0000  300.5592   6750    851  2690583844
  del-n2500-k40-s37470   2500   40  1800.0048  1771.6030    3.1105   329.4185  0.0000  279.7688   6737    858  4221686716
  del-n2500-k40-s37470   2500   40  1800.0002  1725.0015    8.6501   308.1881  0.0000  286.9071   6757    870  1816903976
  del-n2500-k40-s37470   2500   40  1800.0003   403.1560    9.1816   294.3922  0.0000  292.3528   6685    812  2689617302
  del-n2500-k40-s37470   2500   40  1800.0002  1225.6055    8.5835   410.6788  0.0000  289.9881   6802    877  1555038413
  del-n2500-k40-s43853   2500   40  1800.0003  1796.5250    8.1430   295.4649  0.0000  258.7268   6089   1903   797554083
  del-n2500-k40-s43853   2500   40  1800.0002  1551.7759    8.2038   318.0047  0.0000  269.9321   6026   1832  2041969730
  del-n2500-k40-s43853   2500   40  1800.0002   525.9390    4.4584   345.4646  0.0000  260.9477   6034   1878  4030546345
  del-n2500-k40-s43853   2500   40  1800.0002    96.6367    4.0004   287.3974  0.0000  254.8801   6129   1928  1144173981
  del-n2500-k40-s43853   2500   40  1800.0003   536.2784    5.3945   613.7772  0.0000  270.0144   6048   1865  3693469291
  del-n2500-k40-s43853   2500   40  1800.0002  1226.5007    2.3810   522.7889  0.0000  254.9535   5983   1921  1471420698
  del-n2500-k40-s43853   2500   40  1800.0003   562.8921    5.5980   320.3075  0.0000  264.7756   6025   1878  4283810264
  del-n2500-k40-s43853   2500   40  1800.0002  1557.7171    8.4956   302.2267  0.0000  274.0602   6046   1822  1071339788
  del-n2500-k40-s43853   2500   40  1800.0002   325.9993    5.6502   370.9382  0.0000  255.5757   6104   1926    38451260
  del-n2500-k40-s43853   2500   40  1800.0003   713.4533    6.2337   278.2833  0.0000  269.5244   6174   1909  1953796322
  del-n5000-k25-s17706   5000   25  1800.0002   540.1844    0.8628   395.8145  0.0000  323.8637   3078   2823  1968410875
  del-n5000-k25-s17706   5000   25  1800.0003  1166.4150    1.9011   345.6867  0.0000  311.1360   3070   2797  2791557999
  del-n5000-k25-s17706   5000   25  1800.0002  1581.2242    0.9707   373.6390  0.0000  312.7964   3084   2827  3612474394
  del-n5000-k25-s17706   5000   25  1800.0001  1174.6633    0.6227   401.4370  0.0000  313.5434   3135   2845  3321011957
  del-n5000-k25-s17706   5000   25  1800.0001  1498.7413    0.3437   403.1752  0.0000  309.4827   3104   2838  3488308371
  del-n5000-k25-s17706   5000   25  1800.0003  1186.5643    1.3708   477.3317  0.0000  320.0209   3069   2827  4100094728
  del-n5000-k25-s17706   5000   25  1800.0003  1327.0106    0.6555   349.2543  0.0000  302.1393   3078   2841  2883044347
  del-n5000-k25-s17706   5000   25  1800.0002   915.4229    1.8335   429.5349  0.0000  318.2766   3097   2830  2884743026
  del-n5000-k25-s17706   5000   25  1800.0003  1118.9031    1.7935   377.9509  0.0000  316.9191   3117   2873  3517166185
  del-n5000-k25-s17706   5000   25  1800.0001   868.1818    0.6009   374.6409  0.0000  307.4146   3076   2797  3177020199
  del-n5000-k25-s39997   5000   25  1800.0004   393.3785    0.9796   441.0961  0.0000  301.8963   2820   2736  1512729580
  del-n5000-k25-s39997   5000   25  1800.0002  1006.5830    0.5510   590.1044  0.0000  295.9258   2851   2768  4166754377
  del-n5000-k25-s39997   5000   25  1800.0002  1020.7224    0.9783   729.8356  0.0000  297.6977   2896   2824   588287648
  del-n5000-k25-s39997   5000   25  1800.0003  1564.1682    0.9029   370.5883  0.0000  289.9753   2812   2749  3456956494
  del-n5000-k25-s39997   5000   25  1800.0004   955.8558    1.6624   365.9872  0.0000  310.0821   2840   2781  3256023257
  del-n5000-k25-s39997   5000   25  1800.0003   437.0898    1.0025   418.9771  0.0000  294.1648   2907   2824  2848098470
  del-n5000-k25-s39997   5000   25  1800.0002   182.0558    0.5582   402.1163  0.0000  312.4745   2897   2816  3580532987
  del-n5000-k25-s39997   5000   25  1800.0002  1533.8844    0.7728   528.1012  0.0000  297.8609   2835   2763  1320349449
  del-n5000-k25-s39997   5000   25  1800.0003  1731.1442    0.9095   399.5542  0.0000  319.8149   2890   2800  1475548248
  del-n5000-k25-s39997   5000   25  1800.0359   125.5830    0.9659   336.6355  0.0000  312.4669   2833   2765  1355654592
  del-n5000-k25-s52517   5000   25  1800.0003   394.0332    1.3684   418.6800  0.0000  303.5788   3070   2977  3873015662
  del-n5000-k25-s52517   5000   25  1800.0004   832.1073    0.5014   463.5448  0.0000  289.0876   3016   2940  2977958986
  del-n5000-k25-s52517   5000   25  1800.0002   240.9256    0.9462   381.3281  0.0000  298.4512   3108   3027  2287936387
  del-n5000-k25-s52517   5000   25  1800.0002  1295.2585    2.7072   447.3525  0.0000  307.8407   3000   2916  2893227661
  del-n5000-k25-s52517   5000   25  1800.0003   813.2683    0.8540   347.9428  0.0000  306.4582   3006   2926  3650967584
  del-n5000-k25-s52517   5000   25  1800.0002  1317.3970    3.4561   420.7996  0.0000  309.7565   3062   2977  2642743632
  del-n5000-k25-s52517   5000   25  1800.0233  1129.5990    0.5156   497.9732  0.0000  302.8924   3065   2975  1160994842
  del-n5000-k25-s52517   5000   25  1800.0002   399.2129    0.9840   479.3555  0.0000  309.6423   3064   2982  4196542949
  del-n5000-k25-s52517   5000   25  1800.0001  1067.1007    0.3356   490.3829  0.0000  304.0574   3077   2978  3743042509
  del-n5000-k25-s52517   5000   25  1800.0003   170.7711    0.5254   378.5608  0.0000  306.3127   2984   2908  2439331706
  del-n5000-k50-s13975   5000   50  1800.0001   516.1840    8.9817   301.0497  0.0000  265.7593   3534   1975  2806520460
  del-n5000-k50-s13975   5000   50  1800.0003    93.7545   10.5099   327.8804  0.0000  258.8397   3581   1966  3083247326
  del-n5000-k50-s13975   5000   50  1800.0003   435.4258    8.9583   335.5964  0.0000  251.7682   3541   1853  1622207242
  del-n5000-k50-s13975   5000   50  1800.0002  1263.8308    6.0422   340.6533  0.0000  268.7260   3564   1936  2653107124
  del-n5000-k50-s13975   5000   50  1800.0002   852.2547    5.7156   291.3553  0.0000  268.5562   3549   1932  3693546267
  del-n5000-k50-s13975   5000   50  1800.0003   423.9041    5.4459   301.8989  0.0000  242.5708   3510   1937   902365975
  del-n5000-k50-s13975   5000   50  1800.0002   406.5806    5.9407   300.1191  0.0000  255.0390   3579   1956   341265633
  del-n5000-k50-s13975   5000   50  1800.0551   714.2765    6.8229   294.9815  0.0000  259.0645   3497   1903  2594371781
  del-n5000-k50-s13975   5000   50  1800.0003  1297.1942    7.8461   307.2401  0.0000  268.6372   3531   1917  2144837965
  del-n5000-k50-s13975   5000   50  1800.0318  1723.1568    9.4397   338.1752  0.0000  257.6746   3514   1922  2616618107
  del-n5000-k50-s23709   5000   50  1800.0003    83.3368    6.0957   301.3604  0.0000  256.0468   3295   1973  3990727746
  del-n5000-k50-s23709   5000   50  1800.0003   189.1006    7.0393   256.9529  0.0000  247.4901   3213   1881  3506862959
  del-n5000-k50-s23709   5000   50  1800.0002   772.9793    7.9730   270.0565  0.0000  253.6721   3262   1892  1606821609
  del-n5000-k50-s23709   5000   50  1800.0002  1284.4227    7.8930   307.9074  0.0000  242.3148   3315   1961   276448480
  del-n5000-k50-s23709   5000   50  1800.0002   783.1776    4.6608   339.3847  0.0000  246.5821   3236   1899   850331016
  del-n5000-k50-s23709   5000   50  1800.0003   100.3529    5.1910   332.5225  0.0000  249.3869   3273   1958  1269347505
  del-n5000-k50-s23709   5000   50  1800.0001  1593.2848    5.5648   306.5947  0.0000  257.3215   3259   1960  3239638412
  del-n5000-k50-s23709   5000   50  1800.0323   613.4155    8.3952   267.3465  0.0000  247.6747   3277   1887  2160045401
  del-n5000-k50-s23709   5000   50  1800.0003   973.4736    3.9393   264.2336  0.0000  240.9499   3244   1908  2768856369
  del-n5000-k50-s23709   5000   50  1800.0003  1388.2058    5.2883   330.5496  0.0000  259.4222   3230   1916  3938397307
   del-n5000-k50-s5359   5000   50  1800.0002   568.2081    5.4659   379.1426  0.0000  250.3538   3498   1506  2557030538
   del-n5000-k50-s5359   5000   50  1800.0001   203.3487    2.8407   328.4917  0.0000  260.5815   3422   1457  3241858419
   del-n5000-k50-s5359   5000   50  1800.0004  1113.4913    6.8442   323.0919  0.0000  267.2247   3467   1490  2078868840
   del-n5000-k50-s5359   5000   50  1800.0005  1203.9358    4.7941   317.1002  0.0000  264.9892   3387   1478  3726378013
   del-n5000-k50-s5359   5000   50  1800.0214  1327.4416    5.2792   327.7264  0.0000  245.2030   3466   1465  3802962601
   del-n5000-k50-s5359   5000   50  1800.0003   796.1578    7.4667   317.1002  0.0000  261.5654   3460   1465   157111497
   del-n5000-k50-s5359   5000   50  1800.0002   623.2514    5.4406   297.2227  0.0000  276.5074   3421   1458  1713412467
   del-n5000-k50-s5359   5000   50  1800.0002  1257.9739    8.8567   281.3311  0.0000  272.8091   3408   1468  1215148521
   del-n5000-k50-s5359   5000   50  1800.0003    75.3982    3.9227   330.0139  0.0000  255.5210   3492   1477  1087943989
   del-n5000-k50-s5359   5000   50  1800.0003  1583.6899    6.2485   321.2162  0.0000  278.8747   3426   1463  4221560714
  del-n5000-k80-s23438   5000   80  1800.0002   140.6559   13.1401   360.4740  0.0000  238.7177   3822    149  1015780981
  del-n5000-k80-s23438   5000   80  1800.0003   143.4197   15.0112   250.2600  0.0000  263.1967   3822    177  1501114238
  del-n5000-k80-s23438   5000   80  1800.0002    28.7431   13.1239   267.8741  0.0000  213.8497   3847    176   568349679
  del-n5000-k80-s23438   5000   80  1800.0003  1583.2039   16.8959   259.0757  0.0000  232.6339   3871    173  1285126255
  del-n5000-k80-s23438   5000   80  1800.0595   850.1511   14.7833   411.8078  0.0000  252.8835   3892    185   321541847
  del-n5000-k80-s23438   5000   80  1800.0571   686.5046   10.3307   467.9731  0.0000  220.0874   3880    189   748306206
  del-n5000-k80-s23438   5000   80  1800.0002  1772.9633   21.6166   254.3549  0.0000  260.7650   3826    176  1865799182
  del-n5000-k80-s23438   5000   80  1800.0004   308.5588   19.3498   246.0110  0.0000  252.8241   3811    162    24289491
  del-n5000-k80-s23438   5000   80  1800.0002   448.8364   18.4350   461.0341  0.0000  227.3783   3827    185  1198545550
  del-n5000-k80-s23438   5000   80  1800.0003   566.4835   11.9184   305.0854  0.0000  244.9850   3824    186  1891123317
  del-n5000-k80-s24612   5000   80  1800.0002   634.4271   17.4622   395.5542  0.0000  251.1023   3799    128  2686516979
  del-n5000-k80-s24612   5000   80  1800.0004   416.6845   19.0527   286.5502  0.0000  237.7215   3790    124  3778872632
  del-n5000-k80-s24612   5000   80  1800.0003   168.1667   18.0040   428.6373  0.0000  246.2560   3776    106  1657931567
  del-n5000-k80-s24612   5000   80  1800.0004  1569.5472   20.3589   258.8866  0.0000  250.7928   3809    108  3579744391
  del-n5000-k80-s24612   5000   80  1800.0004  1073.5813   17.7361   358.1981  0.0000  241.9920   3770    117  1029594827
  del-n5000-k80-s24612   5000   80  1800.0003   582.6034   27.3342   250.4555  0.0000  242.9980   3769    149  1811925094
  del-n5000-k80-s24612   5000   80  1800.0216   939.2904   18.5746   255.7883  0.0000  239.1446   3805    102  2209682767
  del-n5000-k80-s24612   5000   80  1800.0321  1074.4450   22.2622   230.3285  0.0000  258.3086   3784    126   449224072
  del-n5000-k80-s24612   5000   80  1800.0003   163.6225   15.8945   274.4329  0.0000  245.2366   3799    110  3978134888
  del-n5000-k80-s24612   5000   80  1800.0001   586.4242   11.4050   396.3276  0.0000  248.2320   3824    114  2398116770
  del-n5000-k80-s55111   5000   80  1800.0002  1237.7806   14.1613   263.6179  0.0000  239.5541   3692    220    29825069
  del-n5000-k80-s55111   5000   80  1800.0003   214.8648   16.6698   248.8700  0.0000  241.8362   3755    212   607336277
  del-n5000-k80-s55111   5000   80  1800.0003   472.5022   13.6701   256.4852  0.0000  242.1763   3702    247  4099147171
  del-n5000-k80-s55111   5000   80  1800.0002   835.2709   18.8833   387.9378  0.0000  243.3497   3716    208   675754167
  del-n5000-k80-s55111   5000   80  1800.0002   651.4235   14.8550   267.2359  0.0000  240.7363   3680    192  3770791696
  del-n5000-k80-s55111   5000   80  1800.0003   527.8900   20.5171   370.2389  0.0000  232.8298   3702    229  1834246005
  del-n5000-k80-s55111   5000   80  1800.0002  1664.9535   16.8049   250.6357  0.0000  245.5773   3717    215  1663605586
  del-n5000-k80-s55111   5000   80  1800.0046   591.7331   13.9747   305.1799  0.0000  245.7214   3680    224  1082447559
  del-n5000-k80-s55111   5000   80  1800.0001    15.6984   22.1814   259.6852  0.0000  240.0310   3714    211  1659062955
  del-n5000-k80-s55111   5000   80  1800.0002   793.0312   12.7978   299.3568  0.0000  232.5887   3713    224  4126159153